0
(508.2146920490422+2.0923645188420716e-16j)
(508.19998092819554-9.869403513092789e-17j)
(508.18548488118086-2.3687420215537914e-16j)
(508.17120326465243+2.0369502881620017e-16j)
(508.1571352721488+3.5837448830481816e-16j)
(508.14327993523926-4.128493804792228e-18j)
(508.12963612482486+3.2184715346216947e-16j)
(508.1162025525867+2.5989936059456763e-16j)
(508.1029777725824-2.8079666652887535e-16j)
(508.0899601829917+4.837311881101942e-16j)
(508.07714802800655-3.5000344383419073e-16j)
(508.0645393998647-9.491203315534039e-17j)
(508.0521322410279+3.510046090343243e-16j)
(508.0399243465011+2.2339578600600977e-16j)
(508.02791336628934+3.973330565176949e-17j)
(508.0160968079923-1.637827522737552e-16j)
(508.0044720395362+3.1373960019844764e-16j)
(507.9930362920328+5.143984837062105e-16j)
(507.9817866627739+3.3441767645769474e-16j)
(507.97072011835076+2.837423467098059e-16j)
(507.9598334978977+2.8058950449656877e-16j)
(507.94912351645854+4.695955275632907e-16j)
(507.9385867684706+4.64646033099208e-16j)
(507.9282197313669+1.309381470128621e-16j)
(507.91801876928537+6.306898543032771e-16j)
(507.9079801368927+2.934134658810228e-16j)
(507.8980999833107+2.8807686356239464e-16j)
(507.8883743561429+6.69819796855071e-16j)
(507.87879920560187+2.6202752198074704e-16j)
(507.86937038873015+1.7824596521590682e-17j)
(507.8600836737087+4.3825937687559235e-16j)
(507.8509347442543+6.208875400096953e-16j)
(507.8419192040981+2.2204366923972074e-16j)
(507.83303258154166+3.7041440496294314e-16j)
(507.82427033408464-3.6830488003632596e-16j)
(507.8156278531245-2.5628591354390394e-16j)
(507.80710046871746+5.323250396694755e-18j)
(507.79868345440417+4.617848775191031e-17j)
(507.79037203208344-4.760745602228443e-16j)
(507.7821613769434+1.608099742687906e-16j)
(507.7740466224342-8.312821733649175e-17j)
(507.76602286528316+4.615923163512224e-16j)
(507.7580851705471-1.3032868344878441e-16j)
(507.750228576694-2.0298462487080534e-16j)
(507.7424481007122+1.5252935113034992e-16j)
(507.7347387432403+5.564771037669297e-16j)
(507.7270954937155+1.3404716647741573e-16j)
(507.7195133355302-1.3355959918418492e-16j)
(507.71198725119734+1.3693398760227671e-16j)
(507.7045122275152+4.42724714778535e-16j)
(507.6970832607315+2.8408807616257617e-16j)
(507.6896953616957+1.1924964757007107e-16j)
(507.6823435609991+1.863205803638229e-17j)
(507.6750229140949+1.425808302813371e-16j)
(507.6677285063963+2.0478329805467568e-16j)
(507.6604554583433+2.1004639453023478e-16j)
(507.6531989304382-6.872376100150153e-16j)
(507.6459541282414+1.6746013731414367e-16j)
(507.6387163073208+3.705555198781632e-16j)
(507.63148077815816+2.8680364193534833e-16j)
(507.6242429109975+2.1445466360847353e-16j)
(507.6169981406351-6.550244246417935e-17j)
(507.6097419711512+2.8422637524690146e-17j)
(507.60246998056937-8.995742425734405e-17j)
(507.5951778254449+1.0313007440431814e-16j)
(507.58786124537846-4.748144625292292e-16j)
(507.58051606744664+1.265346155922195e-16j)
(507.5731382105461+2.0508340462604764e-16j)
(507.565723689651-6.973594195643858e-17j)
(507.55826861997224+3.0015436694518743e-16j)
(507.550769221022-7.761083852278086e-17j)
(507.543221820576+2.5054410192013603e-16j)
(507.5356228585243+4.305739937000609e-16j)
(507.5279688906187+4.0697051836553783e-16j)
(507.52025659210415-2.7725642587217866e-16j)
(507.5124827612304+5.487883089428481e-16j)
(507.5046443226462+5.467545880143122e-16j)
(507.4967383306657+3.5838129547310333e-16j)
(507.48876197241367+2.995351432302886e-16j)
(507.4807125708294+9.70269588099064e-17j)
(507.4725875875502-9.781035996787189e-17j)
(507.464384625647+3.4644085516998696e-16j)
(507.4561014322272-8.70741186320703e-17j)
(507.44773590089346-1.67965581135224e-16j)
(507.4392860740596+1.996202359927979e-16j)
(507.43075014511584+6.460864246989927e-16j)
(507.4221264604518+1.8975591017603626e-16j)
(507.4134135213238+4.932107304289739e-16j)
(507.4046099855694+1.5027947118334063e-16j)
(507.395714669172+3.2694786928375996e-16j)
(507.38672654766197+2.9442334336127794e-16j)
(507.3776447573684-9.800469982774282e-17j)
(507.3684685965078-2.1058922998496947e-16j)
(507.35919752611164+1.7196462741240088e-16j)
(507.3498311707962+4.2640713621973573e-16j)
(507.3403693193698-1.5999943078677473e-17j)
(507.3308119252786-1.7302861629425608e-16j)
(507.3211591068855-3.178303239380045e-17j)
(507.3114111475926-1.197430576746098e-16j)
(507.3015684957951+2.124031364377117e-16j)
(507.2916317646757-6.955417013566735e-17j)
(507.28160173183124-1.1327431789904867e-16j)
(507.2714793387425+2.1172052021227845e-16j)
(507.2612656900779+4.2678222105636867e-16j)
(507.250962052836+1.0403021427365571e-16j)
(507.2405698553267+1.470903125686762e-16j)
(507.23009068599737+2.517485758990815e-16j)
(507.2195262920918-1.6612164309477413e-16j)
(507.20887857815956+4.895351922186121e-16j)
(507.1981496044037-2.770577889353358e-16j)
(507.18734158487814-4.4761420584826646e-18j)
(507.17645688552886+2.6796219930582476e-16j)
(507.1654980220873+3.8563778034317574e-16j)
(507.15446765781195+3.1136748264715986e-18j)
(507.143368601084-2.22148843421561e-16j)
(507.1322038028617+2.392674236259868e-16j)
(507.12097635398777+5.632360440314752e-16j)
(507.10968948236126+2.1842660079682742e-16j)
(507.09834654996956+3.2588266389267047e-16j)
(507.08695104979137+2.7141736139184923e-16j)
(507.07550660256345+3.475527709310123e-16j)
(507.06401695342254+3.4221781329918563e-16j)
(507.0524859684238+9.873003767987538e-17j)
(507.0409176309351+4.2345463095773853e-16j)
(507.0293160379168+2.771970924536562e-16j)
(507.0176853960848+4.1192569932011087e-16j)
(507.00603001796674+5.493902578153366e-16j)
(506.99435431784576+2.693934264005547e-16j)
(506.98266280760964+3.216964520553873e-17j)
(506.9709600924942+3.231157106635654e-16j)
(506.95925086673725+5.844348695255963e-16j)
(506.9475399091382+2.5995960982119374e-16j)
(506.9358320785345+2.736946871586225e-16j)
(506.9241323091956-3.2736494461225914e-16j)
(506.9124456061401-1.5379217057905051e-16j)
(506.90077704037924-1.1803110294664764e-16j)
(506.88913174409277+5.718894366521787e-17j)
(506.8775149057404-3.584785083600566e-16j)
(506.86593176511917+9.028295674006516e-17j)
(506.85438760835905-2.3452397118083597e-16j)
(506.84288776287633+4.093381781461211e-16j)
(506.83143759227966-3.4927233151262947e-16j)
(506.82004249123645-4.9238302015404475e-17j)
(506.8087078803053+3.3795111377390736e-16j)
(506.7974392007407+3.6879935434149216e-16j)
(506.78624190927064+1.5405488921678795e-16j)
(506.77512147285705+7.566635642984624e-17j)
(506.76408336343945+8.252693654590274e-17j)
(506.7531330526714+4.493028389369328e-16j)
(506.7422760066534+3.9634995989512097e-16j)
(506.7315176806639+1.4943569147362462e-16j)
(506.7208635138964+9.186585345548705e-17j)
(506.71031892421183+2.948449511854002e-16j)
(506.69988930290157+1.8218173614825256e-16j)
(506.6895800094738+6.039129624438583e-17j)
(506.6793963664677-6.724008260979803e-16j)
(506.669343654294+8.173350896914486e-18j)
(506.6594271061167+3.0608200627756415e-16j)
(506.6496519027731+3.2932977403972136e-16j)
(506.6400231677379+3.3429873670343186e-17j)
(506.6305459621418-4.425128197234312e-17j)
(506.62122527984354+7.062219736069974e-18j)
(506.61206604256046-2.0822356776390923e-16j)
(506.60307309506567+3.7735497616634226e-17j)
(506.5942512004559-3.78388592575146e-16j)
(506.585605035489-1.420632020416884e-17j)
(506.57713918600507+1.7433895924826316e-16j)
(506.5688581424245-9.89690229577437e-17j)
(506.56076629534+1.4244976664027293e-16j)
(506.55286793119126+1.3636862801828055e-17j)
(506.54516722804357+3.975155354869315e-16j)
(506.5376682514605+4.161464063315049e-16j)
(506.53037495048073+4.751578247921426e-16j)
(506.52329115370446-1.9150024849863853e-16j)
(506.51642056548616+4.145198234818871e-16j)
(506.5097667622474+7.093642758117787e-16j)
(506.5033331889031+4.3532917962827954e-16j)
(506.49712315541194+2.967752456831013e-16j)
(506.4911398334501-2.7557952695288887e-17j)
(506.4853862532136-6.979313479575574e-17j)
(506.4798653003505+3.0652186937570786e-16j)
(506.47457971302896-6.916929368612882e-18j)
(506.46953207913975-1.288075227890559e-16j)
(506.464724833637+2.0225115605090364e-17j)
(506.46016025602734+6.093636636994317e-16j)
(506.4558404679933+3.0285361263968357e-16j)
(506.45176743117077+5.411087619976559e-16j)
(506.4479429450715+6.66960653443789e-17j)
(506.4443686451558+3.4347250534615673e-16j)
(506.4410460010602+1.7852498711115885e-16j)
(506.4379763149759-8.387544116007066e-17j)
(506.4351607201838-1.8596717236697587e-16j)
(506.43260017974563+8.48413812909796e-17j)
(506.43029548535526+3.743689274125712e-16j)
(506.42824725634625+4.470399792733596e-17j)
(506.42645593886-2.280853842873965e-16j)
(506.42492180517615-1.0930458234462027e-16j)
(506.42364495320163-1.2326671204431712e-16j)
(506.42262530612396+1.0416563193921579e-16j)
(506.4218626122249-1.7722451801730664e-17j)
(506.4213564448567-5.923861587133051e-17j)
(506.4211062025798+1.4635375167660175e-16j)
(506.42111110946473+4.670107500573142e-16j)
(506.42137021555146+1.9220144097099918e-16j)
(506.421882397474+1.0019273737005551e-16j)
(506.4226463592441+1.9463648137984834e-16j)
(506.4236606331914-7.204836733229657e-17j)
(506.4249235810684+4.749243440222062e-16j)
(506.42643339530724-1.395914719811645e-16j)
(506.4281881004369+7.29464373192492e-17j)
(506.4301855546522+2.254447573391077e-16j)
(506.4324234515379+5.911568676842037e-16j)
(506.4348993219461+7.983574255661942e-17j)
(506.43761053601764-1.1532756185428448e-16j)
(506.4405543053593+2.5161205004977504e-16j)
(506.443727685361+4.78203769495289e-16j)
(506.4471275776572+6.830345676618323e-17j)
(506.45075073273176+3.777772070751073e-16j)
(506.4545937526596+3.7148974319710997e-16j)
(506.45865309398386+2.890638650110484e-16j)
(506.46292507072695+1.9043237073539594e-16j)
(506.4674058575322+1.526143565634822e-16j)
(506.47209149293144+3.511132743803591e-16j)
(506.4769778827348+2.732226775448776e-16j)
(506.48206080354754+4.968924891644707e-16j)
(506.48733590639637+4.099837843438172e-16j)
(506.4927987204736+3.414234246613561e-16j)
(506.4984446569911+8.782514942054696e-17j)
(506.5042690131403+3.121149304477044e-16j)
(506.51026697615447+5.396336181539531e-16j)
(506.5164336274673+3.1147157726017216e-16j)
(506.5227639469726+2.4952205179964686e-16j)
(506.5292528173665-2.4857443933997137e-16j)
(506.5358950285818-1.4221118707409235e-16j)
(506.5426852823023-2.22180604504199e-16j)
(506.5496181965513+1.5551943144412197e-16j)
(506.5566883103617-2.493515607562331e-16j)
(506.56389008850533+2.3619516723194803e-17j)
(506.5712179262933-2.866080777520848e-16j)
(506.5786661544316+4.907362898196398e-16j)
(506.58622904393553-2.1982470538142774e-16j)
(506.59390081108944+3.74889627936345e-17j)
(506.6016756224572+4.880970162594008e-16j)
(506.6095475999256+3.283955473560861e-16j)
(506.6175108257945+2.903747093694716e-16j)
(506.62555934788645+2.760051484761284e-16j)
(506.6336871846883+1.5666787564882082e-16j)
(506.6418883305137+6.297280444813422e-16j)
(506.65015676067827+5.827217985717207e-16j)
(506.6584864366899+3.691164414036798e-16j)
(506.6668713114417+4.374495194963519e-17j)
(506.67530533440635+3.0710046862804113e-16j)
(506.6837824568291+1.2028553401206195e-16j)
(506.6922966369074+2.7658328350855414e-17j)
(506.7008418449617-5.953190302397836e-16j)
(506.7094120685831-1.0764457844608155e-16j)
(506.7180013177576+3.191645393959359e-16j)
(506.7266036299657+4.3841693380171096e-16j)
(506.7352130752414-3.4997579472745974e-17j)
(506.7438237612002+7.627191653157302e-18j)
(506.7524298380167+2.1371847817193663e-17j)
(506.76102550336003-3.5244536705716685e-16j)
(506.76960500727176+1.545583770847076e-16j)
(506.7781626569894-2.461568229025426e-16j)
(506.78669282170557-8.571083863654341e-17j)
(506.795189937263+2.069896695953648e-16j)
(506.803648510776+5.696547099597741e-17j)
(506.8120631251749+1.1631654342613606e-16j)
(506.82042844367714-1.59130996741864e-17j)
(506.8287392141651+3.2174222169748743e-16j)
(506.8369902734836+2.5854356501530603e-16j)
(506.84517655163734+4.86426035484923e-16j)
(506.85329307589933-1.5663159446605038e-16j)
(506.8613349748123+3.1710969909444497e-16j)
(506.8692974820901+6.8658211594251e-16j)
(506.8771759404088+5.109450540711472e-16j)
(506.88496580508706+2.6162599809198563e-16j)
(506.89266264765007-1.3192385403127038e-16j)
(506.9002621592776-5.5245776436144593e-17j)
(506.9077601541255+1.9515324389147065e-16j)
(506.9151525725302-1.75541625048211e-17j)
(506.92243548407373-1.1679993544187729e-16j)
(506.92960509052796-1.2692831811495265e-16j)
(506.936657728661+5.675979838210674e-16j)
(506.9435898729051+3.622898778138344e-16j)
(506.95039813788975+4.349009257014511e-16j)
(506.9570792808309-3.240018467231953e-17j)
(506.96363020377584+2.3459360662951045e-16j)
(506.9700479557043+2.4936061708864835e-17j)
(506.9763297344812-6.331772813538217e-17j)
(506.9824728886604-7.20807115522134e-17j)
(506.9884749191329+7.923266693177644e-17j)
(506.99433348062945+2.1554616796404668e-16j)
(507.0000463830644+1.1604097104794142e-16j)
(507.0056115927234-3.4478854458967217e-16j)
(507.01102723329745-2.010252799530614e-16j)
(507.01629158675786-1.6111477027365417e-16j)
(507.021403094073-2.711218005699958e-17j)
(507.0263603557662+3.045993329406749e-17j)
(507.0311621323159-2.478927731594023e-17j)
(507.0358073443916+5.3486066341199865e-17j)
(507.0402950729366+3.4934534376761975e-16j)
(507.0446245590839+1.5606273900776078e-16j)
(507.04879520391984+1.7106764255784612e-17j)
(507.0528065680785+3.698619099202166e-17j)
(507.0566583711884-9.306745979619241e-17j)
(507.0603504911514+2.1430933920422606e-16j)
(507.0638829632701-6.774207417608567e-17j)
(507.0672559792149+2.9781046892451936e-17j)
(507.07046988583744+1.3460100629279329e-16j)
(507.0735251838281+4.607407926723443e-16j)
(507.0764225262235+3.345186690375809e-17j)
(507.07916271675725-2.4018296205972307e-16j)
(507.08174670806693+2.4213567584294453e-16j)
(507.0841755997481+2.717054882644835e-16j)
(507.0864506362656-1.0805806974620771e-16j)
(507.0885732047182+3.6603450691480403e-16j)
(507.0905448324647+3.3571764166699014e-16j)
(507.09236718460625+1.562152146025408e-16j)
(507.0940420613375-9.276088472103718e-17j)
(507.0955713951588+7.588637700214013e-17j)
(507.0969572479595+1.7877608571157153e-16j)
(507.0982018079719+1.9003771380442363e-16j)
(507.0993073866001+4.145372206575725e-16j)
(507.1002764151278+1.3833075900937035e-16j)
(507.10111144130383+2.2333193479259325e-16j)
(507.10181512581727+4.0108937122687034e-17j)
(507.1023902386539+1.173826793024868e-16j)
(507.10283965535234+1.7341587027497307e-16j)
(507.1031663531471+1.9721998678806963e-16j)
(507.10337340701847+7.586746025760094e-17j)
(507.10346398563934-5.356381945586842e-16j)
(507.1034413472327-3.8769862305090557e-16j)
(507.1033088353413-5.341828174048738e-16j)
(507.1030698745087-2.2180439017294426e-17j)
(507.1027279658849-4.0288658242903486e-16j)
(507.10228668275124-2.319388788406499e-16j)
(507.10174966597975-6.473121185362128e-16j)
(507.10112061942095+2.7189752302724746e-16j)
(507.1004033052305-3.522850682372477e-16j)
(507.0996015391409-1.3748883997112271e-16j)
(507.0987191856776+3.687302949818271e-16j)
(507.09776015332653+5.586108699353774e-17j)
(507.0967283896619+9.401411195850089e-17j)
(507.0956278764338+1.6296210759872358e-16j)
(507.094462624619-1.903584491245785e-17j)
(507.09323666945113+4.660556452785005e-16j)
(507.09195406541846+4.3803832900337864e-16j)
(507.09061888125+2.8193042328662074e-16j)
(507.08923519488405-2.1561410023935035e-16j)
(507.08780708843176+9.555908561289445e-17j)
(507.08633864313197-1.2850434509482655e-16j)
(507.0848339343147-2.2451215801406725e-16j)
(507.08329702636524-6.923576530533852e-16j)
(507.0817319677031-3.728089333992572e-16j)
(507.0801427857781+5.741627904956534e-17j)
(507.0785334820857+2.953428381198375e-16j)
(507.0769080272128-2.4464005909119527e-16j)
(507.0752703559116-9.443852819299872e-17j)
(507.0736243622128-1.675541826656927e-16j)
(507.0719738945815-5.740728881546168e-16j)
(507.0703227511148-1.1441616057415726e-17j)
(507.0686746747976-3.5899537527542774e-16j)
(507.0670333488082-3.686050325465743e-16j)
(507.06540239189155+4.5926597118013573e-17j)
(507.06378535379184-2.997237561032197e-17j)
(507.06218571075914-8.902400307334413e-17j)
(507.06060686113113-1.5395427378715376e-16j)
(507.0590521209922+1.7013130562306705e-17j)
(507.0575247199179-2.574057919517058e-17j)
(507.0560277968075+2.97255590886715e-16j)
(507.0545643958094-2.7171559262239627e-16j)
(507.0531374623399-5.413013261127582e-18j)
(507.0517498392095+4.264689966970873e-16j)
(507.0504042628459+3.056080573427334e-16j)
(507.0491033596314+6.444156730789242e-17j)
(507.04784964235085-3.259127990021343e-16j)
(507.0466455067542-2.0349404027267349e-16j)
(507.04549322824266-4.660790608915868e-17j)
(507.0443949586714-8.436619284069623e-17j)
(507.0433527232868-2.847660894972512e-16j)
(507.04236841778584-2.99689457101257e-16j)
(507.0414438055129+5.185780343099374e-16j)
(507.0405805147919+3.1100975923198607e-16j)
(507.03978003639315+2.4054969799285637e-16j)
(507.03904372114766-6.381978654369172e-17j)
(507.0383727776977+6.93818223987292e-18j)
(507.037768270402-1.9055976388527202e-16j)
(507.0372311173815-8.833176717163667e-17j)
(507.03676208872065-1.625712707465807e-16j)
(507.0363618048221+4.452159469208022e-17j)
(507.03603073490916+1.6757451229571333e-16j)
(507.03576919569304+7.314570458839076e-17j)
(507.0355773501932-4.184961732850414e-16j)
(507.0354552067152-3.2358568802256383e-16j)
(507.0354026179934-2.7133902521983105e-16j)
(507.0354192804931-1.1797445144502472e-16j)
(507.03550473387344-2.772867270880721e-17j)
(507.0356583606157-1.021346478215459e-16j)
(507.0358793858151-1.3113547712280081e-17j)
(507.03616687713526+2.642138170446186e-16j)
(507.0365197449282+1.1588943964619891e-16j)
(507.0369367425212-2.792307270517839e-17j)
(507.0374164666636-7.770778615616311e-17j)
(507.03795735814174-1.2699479463396101e-16j)
(507.03855770255683-6.560890131902306e-17j)
(507.0392156312669-6.523752621458783e-17j)
(507.03992912249043-1.5821114251290624e-17j)
(507.04069600257327+1.6989416791723095e-16j)
(507.0415139474167+4.2062522464486386e-16j)
(507.04238048406444+1.1141933810143063e-16j)
(507.0432929924499-2.7176783924639035e-16j)
(507.0442487072987+2.618817831978743e-16j)
(507.0452447201893+1.596741001477434e-16j)
(507.04627798176404-1.8463680007151437e-16j)
(507.04734530409615+3.3723504685688616e-16j)
(507.0484433632036+2.898302055669133e-16j)
(507.0495687017127+9.49086063205467e-17j)
(507.0507177316641-7.600842163509628e-17j)
(507.0518867374652+1.2706557844752257e-16j)
(507.05307187898126+1.3285590536645698e-16j)
(507.05426919476133+2.330518036565741e-16j)
(507.05547460540356+3.6362357759585037e-16j)
(507.05668391704853+2.2285084727073384e-17j)
(507.0578928250008+1.7708733856510392e-16j)
(507.05909691747877+2.4356568862415682e-17j)
(507.0602916794802+4.648248105947606e-17j)
(507.0614724967713+1.3283012290969162e-16j)
(507.0626346599881+2.2389167634082305e-16j)
(507.06377336884657+3.133473629620883e-17j)
(507.06488373646135-5.681753209940009e-16j)
(507.06596079376817-4.296725106958269e-16j)
(507.0669994940405-5.864241419263506e-16j)
(507.06799471750605-1.4099044186963946e-16j)
(507.0689412760473-3.9918003106548445e-16j)
(507.06983391799366-2.383368186061424e-16j)
(507.07066733298984-6.126161745472747e-16j)
(507.07143615694343+3.2071835100060203e-16j)
(507.07213497704396-3.072359814815901e-16j)
(507.0727583368478-1.7613665980356996e-16j)
(507.0733007414272+2.6350958166197856e-16j)
(507.07375666257633-4.5255663967786524e-17j)
(507.0741205440697+4.6497659815230576e-17j)
(507.0743868069689+5.2631387185230596e-17j)
(507.07454985496844-4.5771336479709457e-17j)
(507.0746040797875+4.2717722102830615e-16j)
(507.07454386658424+3.930698735549613e-16j)
(507.07436359940397+1.7495208823003016e-16j)
(507.074057666648-3.009934414992407e-16j)
(507.07362046655754-3.956206163060676e-17j)
(507.0730464127119-2.105801882274331e-16j)
(507.0723299395323-2.665553942939127e-16j)
(507.07146550778566-7.232657615296193e-16j)
(507.07044761008746-4.102879891029326e-16j)
(507.0692707763901+1.2856236378367998e-16j)
(507.0679295794633+3.226758699739276e-16j)
(507.06641864035055-2.2116143802598385e-16j)
(507.0647326338002-3.14058083543268e-17j)
(507.06286629366883-2.1848424340399506e-16j)
(507.06081441828763-5.457170507945927e-16j)
(507.0585718757889-3.868963502362751e-17j)
(507.05613360938685-2.7930720250537817e-16j)
(507.0534946426059-3.1347113749941623e-16j)
(507.050650084457+1.1786385988784567e-16j)
(507.0475951345494-3.760090606825629e-17j)
(507.0443250881375-2.4352251693681425e-16j)
(507.04083534109975-4.1963357148150886e-17j)
(507.0371213948388-1.349425230042675e-16j)
(507.03317886110295-9.29810756008554e-17j)
(507.0290034667207+3.212514388483317e-16j)
(507.0245910582531-1.7470703516024127e-16j)
(507.0199376065395-7.859146356945598e-18j)
(507.01503921115864+3.2862971351447234e-16j)
(507.00989210477513+3.365237743561866e-16j)
(507.0044926573887+5.447730681015438e-17j)
(506.9988373804639-1.2701814560505755e-16j)
(506.99292293095135+1.2035469129943433e-17j)
(506.98674611518686-2.968915549766332e-17j)
(506.98030389266444-3.3472944454545983e-17j)
(506.9735933796901-3.223202681899514e-16j)
(506.96661185289895-1.324999171883475e-16j)
(506.95935675264093+6.934302859786863e-16j)
(506.95182568622954+4.3876046160364607e-16j)
(506.94401643104857+1.3518671357902466e-16j)
(506.93592693751924+7.047238478631186e-17j)
(506.9275553319155-1.7160555234819699e-16j)
(506.9188999190356-2.931199735336911e-16j)
(506.90995918471475-5.6794356495724e-17j)
(506.9007317981944-2.29292182200989e-16j)
(506.89121661432125+6.279558574172659e-17j)
(506.88141267559735+1.6729143225525082e-16j)
(506.8713192140644+1.3307268414671405e-16j)
(506.8609356530254-4.97001298823609e-16j)
(506.85026160860383-3.31328994077124e-16j)
(506.83929689113023-3.181670852244643e-16j)
(506.82804150636963-8.868478132216658e-17j)
(506.8164956565701-9.936249197664869e-17j)
(506.8046597413485-7.562936364356293e-17j)
(506.7925343583984-3.6245829546844735e-17j)
(506.7801203040311+1.7362580977645638e-16j)
(506.76741857353915+9.508759516339086e-17j)
(506.7544303613884-1.596665817118517e-16j)
(506.7411570612354-1.3765503010308086e-16j)
(506.72760026577197-1.8424663565102265e-16j)
(506.7137617663924-2.3094606010840216e-16j)
(506.6996435526907-1.4780494737669108e-16j)
(506.68524781178024-4.3210644211882095e-17j)
(506.6705769274423+1.4735283739669472e-16j)
(506.6556334791015+3.2221348684569937e-16j)
(506.64042024062906+7.399765359532627e-17j)
(506.6249401789758-3.3205118877839566e-16j)
(506.60919645263493+1.0901518830960894e-16j)
(506.5931924099331+7.225539593221194e-17j)
(506.57693158716336-1.8089872867545323e-16j)
(506.5604177065401+1.8577691165885694e-16j)
(506.5436546740013+1.5258410030561944e-16j)
(506.52664657684295-4.902116531462464e-18j)
(506.50939768119406-9.140894725092055e-17j)
(506.4919124293365+1.325222289482295e-16j)
(506.4741954368683-4.8018014612000245e-17j)
(506.45625148971146+2.598411264679682e-16j)
(506.4380855409762+2.8839362553737883e-16j)
(506.41970270767007-2.9896321017881764e-17j)
(506.40110826726965+1.156260619100022e-16j)
(506.3823076541464-3.2206864870620576e-17j)
(506.36330645585525-1.0115524673834677e-16j)
(506.3441104092903+4.414655506125742e-17j)
(506.32472539670664+2.1959906013850478e-16j)
(506.3051574416169-7.827154544282516e-17j)
(506.2854127045599-5.945610234062238e-16j)
(506.2654974787554-4.3297723205376016e-16j)
(506.24541818563483-5.584145737204604e-16j)
(506.2251813702654-3.1707891731952516e-16j)
(506.20479369666396-4.6295550141685015e-16j)
(506.1842619430069-2.4634705757207224e-16j)
(506.1635929967408-6.599106962814598e-16j)
(506.14279384959815+1.5491388796801518e-16j)
(506.1218715925203-4.8348911141253735e-16j)
(506.1008334104988-1.4760421293553368e-16j)
(506.0796865773311+1.417321376427226e-16j)
(506.0584384503009-1.443923572214804e-16j)
(506.03709646478853+2.846788474769146e-17j)
(506.01566812881197-2.3320980419611674e-17j)
(505.99416101750705-9.795269446804872e-17j)
(505.9725827675512+1.7268853626497082e-16j)
(505.9509410715337+2.386170092937083e-16j)
(505.92924367228215+4.969995683460744e-17j)
(505.9074983571448-4.0397782770475117e-16j)
(505.885712952236-2.2817011597100844e-16j)
(505.86389531665304-3.0625011049488043e-16j)
(505.8420533366663-4.808920649892162e-16j)
(505.8201949198859-8.754429512079421e-16j)
(505.7983279894187-5.750945104418723e-16j)
(505.776460478008+2.47806832602707e-17j)
(505.7546003221761+1.1155946326809467e-16j)
(505.73275545636113-3.074826861581583e-16j)
(505.71093380706196-1.8245711329766756e-16j)
(505.6891432869982-4.610523268225295e-16j)
(505.6673917892783-5.910633801329725e-16j)
(505.6456871815971-2.261293292810025e-16j)
(505.62403730045645-3.691414988762513e-16j)
(505.60244994541944-4.197730149762784e-16j)
(505.58093287340034-9.566840293288332e-17j)
(505.5594937929984-2.327499663993385e-16j)
(505.5381403588795-4.845615231362598e-16j)
(505.51688016620943-5.013959667217207e-17j)
(505.4957207451444-3.6171542256687216e-16j)
(505.47466955538664-1.6199098744915048e-16j)
(505.45373398080324+2.0296076233094263e-16j)
(505.4329213241219-1.3827753960441076e-16j)
(505.41223880169866-1.708640651073432e-16j)
(505.39169353837383+1.552430505883162e-16j)
(505.37129256240513+1.9918467367808614e-16j)
(505.35104280050183-2.4467585624920356e-17j)
(505.33095107294383-1.4344274877575196e-16j)
(505.3110240888082+4.329176369084489e-18j)
(505.2912684412955-9.357304375651405e-17j)
(505.27169060316265+9.056357581873877e-17j)
(505.25229692227197-3.962579617343699e-16j)
(505.2330936172502-1.7425496397958023e-16j)
(505.21408677327173+6.003555204883288e-16j)
(505.19528233796257+4.936978201636782e-16j)
(505.17668611743017+1.0235802765544551e-16j)
(505.1583037724253+4.245938877222917e-17j)
(505.1401408146359-2.970493328285532e-16j)
(505.1222026031168-3.781018016599527e-16j)
(505.10449434086127-4.6046642094682384e-17j)
(505.08702107151146-3.788578536041457e-16j)
(505.0697876762177+2.9468293345632975e-17j)
(505.05279887064245+1.0475748862756241e-16j)
(505.03605920211584+1.2517939614699393e-16j)
(505.0195730469444-5.314235118198499e-16j)
(505.00334460787303-3.572075485727305e-16j)
(504.98737791170356-4.461256364751155e-16j)
(504.9716768070742-1.3858782750919235e-16j)
(504.95624496239714-1.7379219146757874e-16j)
(504.9410858639584-1.9361576265441482e-16j)
(504.92620281418175-1.5125467901436826e-16j)
(504.91159893005596-2.3464780343581892e-17j)
(504.8972771417301-6.248614148138556e-18j)
(504.8832401912726-2.777653856784668e-16j)
(504.86949063159784-2.3143013409838427e-16j)
(504.8560308255653-2.1492700771710827e-16j)
(504.8428629452393-3.774390407055264e-16j)
(504.82998897132603-2.401742040390126e-16j)
(504.81741069277257-1.9970421875786815e-16j)
(504.80512970653797+7.743106149841404e-17j)
(504.7931474175336+2.1543901168649706e-16j)
(504.78146503872966+5.67411019509422e-17j)
(504.77008359143133-4.1551273543679083e-16j)
(504.7590039057209-6.547759309463298e-17j)
(504.7482266210665-8.570997185358828e-17j)
(504.7377521870974-1.4903939681601703e-16j)
(504.7275808645408+5.775219538086616e-17j)
(504.7177127263249-2.4014849641035667e-17j)
(504.7081476588394-1.1372642143084227e-16j)
(504.6988853633603-1.67803144136393e-16j)
(504.68992535762953+1.3155723196944545e-16j)
(504.68126697759163-1.803615988702589e-16j)
(504.6729093792844+1.940811242689335e-16j)
(504.66485154088303+1.1403458112982228e-16j)
(504.65709226489145-8.312381413062192e-17j)
(504.64963018048115+8.506811698574968e-17j)
(504.64246374597843-1.388208660267322e-16j)
(504.6355912514849-1.8362546583694083e-16j)
(504.6290108216486-9.779445477778616e-18j)
(504.62272041855795+1.1676031333454992e-16j)
(504.6167178447807-2.5182751716600837e-16j)
(504.61100074652126-4.869674507714498e-16j)
(504.6055666169146-3.6743673716380036e-16j)
(504.6004127994331-5.596870471242944e-16j)
(504.5955364914201-3.124750717884528e-16j)
(504.5909347477333-5.366644146466758e-16j)
(504.5866044845016-1.906529777379897e-16j)
(504.58254248299136-5.976740816803328e-16j)
(504.57874539357385+4.9550204175815893e-17j)
(504.57520973979007-4.673245002287212e-16j)
(504.5719319225161-6.498371261702247e-17j)
(504.5689082242156+8.532699428579427e-17j)
(504.5661348132787-5.2182448263301764e-17j)
(504.5636077484444+1.3762515803706214e-16j)
(504.56132298330135-6.779089230985773e-17j)
(504.55927637085784-1.0629551949614715e-16j)
(504.5574636681845+1.0953754667111076e-16j)
(504.55588054111735+2.318219452871156e-16j)
(504.5545225690222+3.6420458816962285e-17j)
(504.5533852496113-4.91538969098603e-16j)
(504.5524640038091-4.1647366086074114e-16j)
(504.5517541806643-4.02564827870437e-16j)
(504.5512510623002-5.450436153241617e-16j)
(504.5509498688976-9.44751369790647e-16j)
(504.55084576370945-7.033459208209753e-16j)
(504.5509338581018-1.1512133721804677e-17j)
(504.5512092166081-1.2966961963052542e-16j)
(504.5516668620049-3.58227449980044e-16j)
(504.55230178039085-3.03119559180008e-16j)
(504.5531089262759-6.09699289544935e-16j)
(504.5540832276642-6.741693487692637e-16j)
(504.55521959113645-2.867213521679023e-16j)
(504.55651290691736-5.234427980814099e-16j)
(504.5579580539305-4.443266992731359e-16j)
(504.5595499048313-2.1717855270149566e-16j)
(504.5612833310142-2.697872578249721e-16j)
(504.5631532075917-6.274280542841495e-16j)
(504.56515441833335-1.1238184169198967e-16j)
(504.5672818605718-5.248252585120955e-16j)
(504.5695304500572-2.9002150254578534e-16j)
(504.57189512576605+2.6636857478311945e-17j)
(504.57437085465597-1.928663827810327e-16j)
(504.57695263635856-2.7713434589444716e-16j)
(504.57963550781426-1.7904181320413223e-17j)
(504.5824145478344+6.293650166970177e-17j)
(504.5852848815935-2.5211346635055673e-16j)
(504.58824168504805-2.338900353349387e-16j)
(504.5912801892683-1.1638691444520383e-16j)
(504.59439568469134-3.2489108239384234e-16j)
(504.5975835252837+7.435690210660987e-17j)
(504.600839132609-5.144836838461131e-16j)
(504.60415799980535-2.6868046220968294e-16j)
(504.6075356954528+3.2966067898464785e-16j)
(504.6109678673496+2.7909391716166234e-16j)
(504.614450246169-8.338218444019022e-17j)
(504.6179786490149-1.1175152168877581e-16j)
(504.6215489828568-3.917245462721396e-16j)
(504.62515724785334-4.2042189062009333e-16j)
(504.628799540552-1.0626463767532942e-16j)
(504.63247205696706-3.862803745481808e-16j)
(504.6361710955311-2.980676803933171e-17j)
(504.63989305992084-2.206984809809819e-16j)
(504.64363446174787+1.5762156034538038e-18j)
(504.6473919231192-6.269374823311602e-16j)
(504.65116217906336-3.2717600458588436e-16j)
(504.6549420798133-5.74456178713553e-16j)
(504.6587285929572-3.197188658863995e-16j)
(504.66251880544115-2.18300921763698e-16j)
(504.66630992543566-3.5080167794869875e-16j)
(504.6700992840499-2.9228642831099862e-16j)
(504.67388433690826-3.2181419083026144e-16j)
(504.6776626655718-1.9958722508611222e-16j)
(504.6814319788193-4.685904645363753e-16j)
(504.68519011377356-3.1135175018081895e-16j)
(504.68893503687906-2.552508816065424e-16j)
(504.6926648447328-5.75834441856205e-16j)
(504.69637776475975-3.881070810886157e-16j)
(504.7000721557384-4.266886961617082e-16j)
(504.70374650817865-6.826339253162432e-17j)
(504.70739944454226-4.323214797578161e-17j)
(504.7110297193176-7.327294373316817e-17j)
(504.7146362189406-6.960482009209836e-16j)
(504.718217961567-2.246974111817631e-16j)
(504.7217740966937-3.408254061903879e-16j)
(504.7253039046333-2.2523260662833906e-16j)
(504.72880679583795-1.4568427672249956e-16j)
(504.73228231007926-3.4426188163009483e-16j)
(504.73573011548086-3.580806996390355e-16j)
(504.7391500074062-4.695251623452906e-16j)
(504.74254190720654-9.254639117436382e-17j)
(504.7459058608253-4.622596971493458e-16j)
(504.7492420372638-7.872097450973585e-17j)
(504.7525507269109-1.9027005790112492e-16j)
(504.7558323397374-2.8383249234338554e-16j)
(504.7590874033546-9.41331848567233e-17j)
(504.7623165609494-3.3255822055989694e-16j)
(504.7655205690822-4.1747207102128845e-16j)
(504.7687002953668-3.985453174103608e-16j)
(504.77185671602604-1.3106421426010232e-16j)
(504.77499091332396-6.12490801461668e-16j)
(504.77810407288825-5.506870228118222e-16j)
(504.7811974809119-4.927035609892265e-16j)
(504.7842725212489-7.989573538340415e-16j)
(504.7873306724038-4.376873761990732e-16j)
(504.790373504414-7.411723959481538e-16j)
(504.79340267563464-4.88480640224611e-16j)
(504.7964199294271-9.322650060661323e-16j)
(504.79942709075516-3.739633995329315e-16j)
(504.8024260626919-6.954394433834799e-16j)
(504.80541882284143-1.7486051447889478e-16j)
(504.8084074196819-1.3487219034253476e-16j)
(504.8113939688299-2.4899390090261254e-16j)
(504.8143806492333-6.96536993391158e-17j)
(504.81736969929875-2.5210803611714604e-16j)
(504.82036341294867-4.51307885713021e-16j)
(504.82336413562706-1.6627262271375121e-16j)
(504.8263742602432-3.9061335386393254e-17j)
(504.82939622307083-2.5196672111598755e-16j)
(504.8324324995978-5.617129335424992e-16j)
(504.83548560033614-5.512159877578301e-16j)
(504.8385580665936-5.728517298637478e-16j)
(504.84165246621683-6.699379500069839e-16j)
(504.8447713893041-9.614302671890674e-16j)
(504.84791744389815-9.007597099081146e-16j)
(504.8510932516579-2.7616381039138864e-16j)
(504.85430144352154-4.140206636679281e-16j)
(504.8575446553595-4.890843333284396e-16j)
(504.86082552362234-4.2643477378419814e-16j)
(504.8641466809938-7.352996853346873e-16j)
(504.86751075204756-7.229259776919841e-16j)
(504.8709203489164-5.040979656867054e-16j)
(504.8743780669766-7.280073089330148e-16j)
(504.8778864805532-5.541151797187578e-16j)
(504.8814481386506-4.0462166921949294e-16j)
(504.8850655607147-3.276219105832911e-16j)
(504.8887412324273-6.914858468610878e-16j)
(504.8924776015413-2.057363953858581e-16j)
(504.8962770737623-6.771491450502598e-16j)
(504.9001420086729-4.761867569231591e-16j)
(504.90407471571734-3.232193388398023e-16j)
(504.90807745023966-4.0468427424887166e-16j)
(504.9121524095827-5.422756365769166e-16j)
(504.9163017292577-3.174713374790223e-16j)
(504.92052747918234-2.326143500469922e-16j)
(504.92483165999096-5.905442724256131e-16j)
(504.92921619943064-4.579732541238785e-16j)
(504.93368294883237-4.2915793773213823e-16j)
(504.9382336796749-6.392032996719459e-16j)
(504.9428700802375-7.614073832280716e-17j)
(504.9475937523461-7.373420054092073e-16j)
(504.9524062082212-4.58000944544151e-16j)
(504.9573088674229+1.0666304953414268e-17j)
(504.96230305390617-6.484313231007365e-17j)
(504.9673899931801-2.732360126934904e-16j)
(504.97257080958485-3.47708933941503e-16j)
(504.977846523677-5.2432020503676365e-16j)
(504.98321804973887-4.721593606553452e-16j)
(504.98868619340425-2.3483554742900552e-16j)
(504.99425164941306-4.824299834832088e-16j)
(504.9999149994859-2.731454290838837e-16j)
(505.0056767103353-5.102872119898605e-16j)
(505.01153713180025-1.9286946449196696e-16j)
(505.0174964951203-5.858293606392904e-16j)
(505.0235549113442-2.731093494638231e-16j)
(505.0297123698726-6.497211584043746e-16j)
(505.0359687371455-4.319440551156615e-16j)
(505.0423237554681-2.3883377843735114e-16j)
(505.0487770419779-5.245295849423509e-16j)
(505.05532808775985-3.3633564602519846e-16j)
(505.0619762571042-5.222779458840753e-16j)
(505.06872078690986-2.6081854298198325e-16j)
(505.07556078624003-4.983153228859122e-16j)
(505.0824952360184-3.568875753764722e-16j)
(505.0895229888827-2.775503197790378e-16j)
(505.09664276918-6.9547386969522155e-16j)
(505.1038531731178-4.580922546206429e-16j)
(505.11115266906-5.8193112351575985e-16j)
(505.11853959797634-1.6869757621359124e-16j)
(505.1260121740392-1.5721553469575184e-16j)
(505.13356848537177-1.0459981063713115e-16j)
(505.141206494943-7.652256887173158e-16j)
(505.1489240416131-1.9437564361385716e-16j)
(505.1567188413239-5.096502742531985e-16j)
(505.16458848844087-2.4690228543985943e-16j)
(505.172530457234-2.5607535402773994e-16j)
(505.18054210350857-4.776366244610085e-16j)
(505.18862066637536-5.171114445729453e-16j)
(505.1967632701663-5.459430119511555e-16j)
(505.2049669264857-1.0859450726247836e-16j)
(505.2132285364023-4.812710265516219e-16j)
(505.2215448927758-1.8333121351206335e-16j)
(505.2299126827177-3.135616607768143e-16j)
(505.23832849018714-3.6434721583053096e-16j)
(505.246788798708-1.5079517986368206e-16j)
(505.25528999422244-4.2440392790467863e-16j)
(505.26382836806164-5.179174979737706e-16j)
(505.2724001200405-5.930319367517306e-16j)
(505.28100136167086-1.5923995554916129e-16j)
(505.2896281194894-6.412782182960761e-16j)
(505.29827633849885-4.585156959562961e-16j)
(505.30694188571493-4.823948491952997e-16j)
(505.3156205538233-7.92860596200442e-16j)
(505.32430806493613-3.966231769413968e-16j)
(505.3330000744456-7.2774681929614105e-16j)
(505.34169217497384-6.181503374135554e-16j)
(505.3503799004138-8.819098161553167e-16j)
(505.3590587300566-4.380669220925747e-16j)
(505.36772409279973-5.923618379525891e-16j)
(505.37637137143577-2.395341578178184e-16j)
(505.38499590701576-2.640535710737206e-16j)
(505.39359300328107-3.640430817029201e-16j)
(505.4021579311618-1.6374558797575077e-16j)
(505.4106859333362-4.291806878940659e-16j)
(505.41917222884604-6.061691682209277e-16j)
(505.42761201776614-2.1239773320851683e-16j)
(505.4360004859186-8.102049536947364e-17j)
(505.4443328096301-4.1089002093433677e-16j)
(505.4526041605303-4.3927677293535296e-16j)
(505.4608097103768-5.430360709184777e-16j)
(505.46894463591667-6.273813657906675e-16j)
(505.4770041237625-5.445646167523991e-16j)
(505.48498337529367-8.197248326418081e-16j)
(505.4928776115664-9.464779458607081e-16j)
(505.50068207823597-2.8236912669369068e-16j)
(505.5083920504769-3.2015013996892185e-16j)
(505.51600283790896-4.426281123499566e-16j)
(505.52350978950693-3.1238353866312685e-16j)
(505.53090829850856-6.98986685236907e-16j)
(505.5381938072979-5.490601964341109e-16j)
(505.5453618122699-4.663942430133082e-16j)
(505.5524078686697-7.153712081173252e-16j)
(505.55932759539536-4.968550672058744e-16j)
(505.5661166797687-3.8654103775347104e-16j)
(505.57277088226135-2.1138022757963628e-16j)
(505.57928604117393-5.92259525606195e-16j)
(505.5856580772646-1.0613651557109411e-16j)
(505.59188299832215-6.434385812126878e-16j)
(505.59795690367406-5.536948029313251e-16j)
(505.6038759886325-4.3385589643930326e-16j)
(505.60963654886643-4.455477738636208e-16j)
(505.6152349846996-4.927885402221084e-16j)
(505.62066780532996-4.88880719564421e-16j)
(505.62593163296174-2.540515077829054e-16j)
(505.63102320685-7.185336651200215e-16j)
(505.6359393872506-3.9525543449699366e-16j)
(505.64067715927723-4.195616486988185e-16j)
(505.64523363664887-6.993966664612738e-16j)
(505.64960606533856-1.9903155791913422e-16j)
(505.6537918271088-8.001479615476355e-16j)
(505.65778844293317-4.513268404262028e-16j)
(505.661593576302-1.0102309535545215e-16j)
(505.6652050364056-1.587493985553027e-16j)
(505.6686207811922-4.142629218633163e-16j)
(505.6718389203021-4.4057446267305835e-16j)
(505.6748577178617-6.994793046254209e-16j)
(505.67767559515136-4.66663481387555e-16j)
(505.68029113313077-2.4003692743980894e-16j)
(505.6827030748254-6.109118031465088e-16j)
(505.6849103275669-5.281293783177489e-16j)
(505.6869119650921-6.876470925392926e-16j)
(505.68870722948583-2.524020569018883e-16j)
(505.6902955329798-6.583918759351566e-16j)
(505.69167645959357-2.0483609039524072e-16j)
(505.6928497666213-7.128374074224708e-16j)
(505.6938153859613-5.450778566864373e-16j)
(505.69457342528483-3.025780831303091e-16j)
(505.6951241690454-6.189494085093192e-16j)
(505.6954680793232-4.116173416154098e-16j)
(505.69560579651005-6.78153094632407e-16j)
(505.6955381398228-2.2975085433667963e-16j)
(505.6952661076569-6.185165440426887e-16j)
(505.69479087776904-4.463127115843777e-16j)
(505.69411380729167-3.270586655939026e-16j)
(505.693236432585-8.7931120234268e-16j)
(505.6921604689105-5.629344271484541e-16j)
(505.69088780994446-7.145499522706369e-16j)
(505.68942052711935-2.865189057731675e-16j)
(505.68776086879336-3.188018342301781e-16j)
(505.6859112592575-2.2051615116488394e-16j)
(505.68387429756746-8.548103977820884e-16j)
(505.68165275621607-3.1364368005620524e-16j)
(505.6792495796296-7.410831804863253e-16j)
(505.67666788250716-4.220777195376237e-16j)
(505.6739109479899-4.877890945075442e-16j)
(505.6709822256663-6.812771540434767e-16j)
(505.6678853294207-8.042146632525288e-16j)
(505.66462403511497-6.631109058480902e-16j)
(505.6612022781155-1.8834195583022923e-16j)
(505.6576241506624-6.300917671143275e-16j)
(505.65389389908205-3.461897394415335e-16j)
(505.6500159208494-5.564929042319193e-16j)
(505.64599476150084-6.375455183291232e-16j)
(505.6418351113943-3.571363539980106e-16j)
(505.63754180233013-6.603402637646732e-16j)
(505.63311980402585-8.080645213896115e-16j)
(505.6285742204531-9.266179663602556e-16j)
(505.62391028603906-3.3595399595955407e-16j)
(505.61913336173103-7.111163215268656e-16j)
(505.61424893093766-5.434627448071995e-16j)
(505.60926259533693-5.353088655387853e-16j)
(505.6041800705679-8.054487967015685e-16j)
(505.59900718179847-4.4239981026669675e-16j)
(505.5937498591818-8.204783356019246e-16j)
(505.5884141331995-8.249845819560421e-16j)
(505.58300612989865-8.599146000233553e-16j)
(505.5775320660282-6.526089353479162e-16j)
(505.5719982440709-7.39034617691623e-16j)
(505.5664110471897-3.532762319521933e-16j)
(505.5607769340771-5.405469868219218e-16j)
(505.55510243372555-6.461401906516901e-16j)
(505.5493941401132-3.937968832817282e-16j)
(505.5436587068156-7.299299335324861e-16j)
(505.5379028415494-9.282270436757852e-16j)
(505.5321333006479-4.838968634188182e-16j)
(505.52635688347635-3.1307150614819627e-16j)
(505.5205804267914-7.55277515816766e-16j)
(505.51481079905307-4.791234609122511e-16j)
(505.50905489468767-6.482404777202407e-16j)
(505.5033196283132-8.37474600495599e-16j)
(505.49761192893027-6.799678379969204e-16j)
(505.4919387340828-9.101977702735469e-16j)
(505.48630698399563-1.145070337722825e-15j)
(505.48072361569217-4.515341618348294e-16j)
(505.47519555710306-4.55223376427655e-16j)
(505.46972972116095-6.785265187109183e-16j)
(505.4643329998999-3.8310265833152617e-16j)
(505.45901225855414-8.515899178475319e-16j)
(505.45377432966546-5.046708075400495e-16j)
(505.4486260072085-5.93550548106052e-16j)
(505.44357404073224-8.515160065942051e-16j)
(505.43862512952927-7.568088995256074e-16j)
(505.43378591683506-6.171373951623246e-16j)
(505.4290629840639-3.613960281892901e-16j)
(505.4244628450841-7.982426645048492e-16j)
(505.41999194054523-1.1880105531511558e-16j)
(505.41565663225464-6.918910353105928e-16j)
(505.4114631976101-6.479239040635249e-16j)
(505.40741782409935-6.428592948717255e-16j)
(505.40352660386617-5.734046130093668e-16j)
(505.399795528349-7.858549240627116e-16j)
(505.3962304829981-6.797598171686148e-16j)
(505.3928372420798-3.962117775405563e-16j)
(505.3896214635625-8.818078162693225e-16j)
(505.3865886841026-5.680541736564242e-16j)
(505.3837443141259-6.052954798543584e-16j)
(505.38109363300913-7.803926226479039e-16j)
(505.37864178437474-3.51357919576413e-16j)
(505.37639377149276-8.883118592514186e-16j)
(505.3743544528011-6.788626837659606e-16j)
(505.37252853754654-3.2326952395858775e-16j)
(505.37092058154985-3.259695849998421e-16j)
(505.369534983102-5.939379249561801e-16j)
(505.36837597898995-5.588820711567952e-16j)
(505.36744764066236-1.0003412837498672e-15j)
(505.36675387053583-6.380035572138934e-16j)
(505.36629839844085-3.287567566616544e-16j)
(505.36608477822364-7.975030050186881e-16j)
(505.36611638449017-8.579040767490263e-16j)
(505.3663964095107-7.917167659583957e-16j)
(505.3669278602794-4.503763081994157e-16j)
(505.367713555733-7.860625399850602e-16j)
(505.36875612413564-2.276421510129709e-16j)
(505.3700580006245-8.116309668395557e-16j)
(505.37162142492866-6.267841642021084e-16j)
(505.37344843925473-4.310909968526725e-16j)
(505.37554088634676-7.34900181094524e-16j)
(505.377900407719-6.444392849306069e-16j)
(505.3805284420664-8.040511409774195e-16j)
(505.38342622385335-3.2309242242567264e-16j)
(505.3865947820803-7.663202040746333e-16j)
(505.39003493923224-4.91704675591182e-16j)
(505.3937473104085-3.72682513691378e-16j)
(505.39773230263535-1.0050361556379995e-15j)
(505.4019901143655-6.836702255407519e-16j)
(505.40652073515577-7.509226871042113e-16j)
(505.4113239455335-3.485464573099136e-16j)
(505.4163993170501-4.377503479831797e-16j)
(505.4217462125152-2.452423199362948e-16j)
(505.4273637864173-8.325285699657511e-16j)
(505.4332509855329-4.263721496183117e-16j)
(505.43940654971436-8.669762134400474e-16j)
(505.44582901286657-5.028767713504842e-16j)
(505.452516704104-6.357774346278736e-16j)
(505.45946774909106-8.076367857111629e-16j)
(505.46668007156313-9.646637569693332e-16j)
(505.4741513950276-5.54689279717989e-16j)
(505.48187924464355-2.642308017337457e-16j)
(505.4898609492781-6.7471176729408635e-16j)
(505.4980936437372-3.8022578230722107e-16j)
(505.5065742711686-7.94981400404742e-16j)
(505.51529958563987-8.240573077177033e-16j)
(505.52426615487957-4.836154650751946e-16j)
(505.53347036318706-8.311227798102164e-16j)
(505.5429084145061-8.95113860423833e-16j)
(505.5525763356606-1.0094644784286776e-15j)
(505.5624699797431-5.520333342614355e-16j)
(505.572585029664-6.513503161074969e-16j)
(505.5829170018488-4.464190487157544e-16j)
(505.5934612500841-5.353055864955638e-16j)
(505.6042129695083-6.913105367302129e-16j)
(505.61516720074485-4.618095308823313e-16j)
(505.62631883416947-7.706248558760454e-16j)
(505.6376626143143-9.445922606415853e-16j)
(505.64919314439766-7.056372389539938e-16j)
(505.66090489098275-7.352349715824189e-16j)
(505.6727921887529-6.692233985961875e-16j)
(505.68484924540746-3.7169252915696094e-16j)
(505.6970701466649-7.801901909878151e-16j)
(505.7094488613768-8.231820670138178e-16j)
(505.7219792467433-4.707317133289382e-16j)
(505.7346550536253-9.093698037338677e-16j)
(505.74746993194896-1.0824366862821633e-15j)
(505.7604174361989-5.726657047007878e-16j)
(505.77349103099317-5.051600814137296e-16j)
(505.7866840967377-8.675050145617157e-16j)
(505.7999899353471-5.566612176856735e-16j)
(505.81340177603994-7.98151260438919e-16j)
(505.82691278118716-9.944856552288437e-16j)
(505.8405160522227-5.813737256398908e-16j)
(505.8542046356007-8.599917227098701e-16j)
(505.8679715287985-1.137020583537277e-15j)
(505.8818096863587-4.2980116145623727e-16j)
(505.895712025963-6.357583322295318e-16j)
(505.90967143453736-6.423936263656439e-16j)
(505.9236807743732-3.390127144360145e-16j)
(505.93773288927173-9.188998075322134e-16j)
(505.95182061069113-4.655896870043418e-16j)
(505.96593676390506-5.47411156584083e-16j)
(505.9800741741562-8.289601084576687e-16j)
(505.994225672801-8.488842450952123e-16j)
(506.00838410344727-6.225252128600101e-16j)
(506.0225423280673-3.9697960975994126e-16j)
(506.0366932330908-8.102848780223893e-16j)
(506.0508297354647-1.1693110329420116e-16j)
(506.0649447886778-6.744151455745525e-16j)
(506.0790313887456-6.715180776984084e-16j)
(506.09308258014534-7.386124846565801e-16j)
(506.1070914617005-5.223797560191044e-16j)
(506.1210511924039-9.970055868447903e-16j)
(506.13495499718067-7.34175033440916e-16j)
(506.14879617257856-4.158710551999063e-16j)
(506.16256809238365-9.293516772466978e-16j)
(506.17626421316044-6.331958504850042e-16j)
(506.1898780796993-7.005500298507592e-16j)
(506.20340333037973-9.03087247076222e-16j)
(506.21683370243437-4.546990657321384e-16j)
(506.2301630371138-8.356405782237195e-16j)
(506.24338528474726-8.044481088590806e-16j)
(506.2564945096885-4.906326399630235e-16j)
(506.26948489515263-5.753122845534236e-16j)
(506.2823507479287-7.746926491606391e-16j)
(506.2950865029715-6.2273282186703e-16j)
(506.30768672786223-1.3107559993821191e-15j)
(506.32014612713925-9.076718178038279e-16j)
(506.3324595464902-4.3034026507914825e-16j)
(506.34462197680523-8.043399817135432e-16j)
(506.3566285580821-1.08003252636979e-15j)
(506.3684745831896-1.02671107892028e-15j)
(506.3801555014732-6.698433036119605e-16j)
(506.3916669222066-8.389623398009363e-16j)
(506.403004617889-2.921527644040713e-16j)
(506.4141645273765-8.911698841373093e-16j)
(506.42514275884895-7.038668258273867e-16j)
(506.435935592614-5.471938317730974e-16j)
(506.44653948373735-7.439565468484161e-16j)
(506.45695106449983-8.55676971607475e-16j)
(506.4671671466848-1.0301612765048225e-15j)
(506.47718472368325-6.16175422309297e-16j)
(506.4870009724232-9.252335584529136e-16j)
(506.4966132551185-5.594657446622081e-16j)
(506.5060191208355-5.632031327812519e-16j)
(506.5152163068727-1.072200716262646e-15j)
(506.5242027399616-8.18319730925774e-16j)
(506.53297653727674-8.006667736155969e-16j)
(506.5415360072602-5.117063933871419e-16j)
(506.5498796502609-7.111976562423047e-16j)
(506.55800615898113-6.164900772740303e-16j)
(506.5659144187394-9.086177189293406e-16j)
(506.57360350754163-6.663802293718973e-16j)
(506.5810726959637-1.0191456906819949e-15j)
(506.58832144684834-6.274794806796943e-16j)
(506.5953494148117-8.41820002884034e-16j)
(506.60215644556155-1.023707383492621e-15j)
(506.6087425750312-1.0963476442642026e-15j)
(506.61510802832606-7.348955370943392e-16j)
(506.62125321848606-5.233451029249861e-16j)
(506.6271787450639-8.154205373945059e-16j)
(506.63288539252204-6.276089365632442e-16j)
(506.63837412845004-1.162746214928292e-15j)
(506.64364610160175-1.1982183994376758e-15j)
(506.6487026397563-7.662997107921165e-16j)
(506.65354524740627-1.065307319183584e-15j)
(506.6581756032719-1.108370825668878e-15j)
(506.66259555764805-1.2480157661922497e-15j)
(506.66680712958134-9.61672377626631e-16j)
(506.67081250388685-8.147164447904161e-16j)
(506.67461402799916-6.480986907237054e-16j)
(506.678214208672-8.013063803386271e-16j)
(506.68161570851714-8.840648789622792e-16j)
(506.6848213423952-7.985199668906943e-16j)
(506.687834073659-9.50512527298532e-16j)
(506.69065701025374-1.2891113220987857e-15j)
(506.69329340067515-1.0058624805476309e-15j)
(506.69574662979306-1.1446929706409967e-15j)
(506.6980202145455-8.949997153491749e-16j)
(506.70011779950136-5.97048479075651e-16j)
(506.7020431523025-1.1864695627440726e-15j)
(506.703800158991-1.2376552286964538e-15j)
(506.70539281921316-8.571461674140469e-16j)
(506.7068252413267-1.150558505045374e-15j)
(506.70810163739264-1.3880540487827537e-15j)
(506.709226318079-9.646328758426132e-16j)
(506.71020368745906-9.382170091710532e-16j)
(506.71103823773234-1.183874680235012e-15j)
(506.711734543852-9.337117535080852e-16j)
(506.71229725808246-1.2000450252107173e-15j)
(506.71273110447834-1.3113682004041464e-15j)
(506.7130408732988-8.175917258253632e-16j)
(506.7132314153609-9.080547764828293e-16j)
(506.7133076363356-1.3386303494720907e-15j)
(506.713274490992-7.046457042577271e-16j)
(506.7131369774023-1.104625043349631e-15j)
(506.71290013110035-8.140689207653694e-16j)
(506.7125690192155-7.227288920694937e-16j)
(506.71214873457166-1.337486084049968e-15j)
(506.71164438977115-7.935689472209921e-16j)
(506.7110611112584-9.307448289122866e-16j)
(506.71040403337963-1.1083903154078245e-15j)
(506.7096782924324-1.2109186609398223e-15j)
(506.70888902072306-9.380249340928653e-16j)
(506.7080413406306-7.851413921876659e-16j)
(506.7071403586849-1.0314604207080476e-15j)
(506.7061911596643-4.707117462735553e-16j)
(506.7051988007212-9.96395868917653e-16j)
(506.7041683055383-1.0018308721451067e-15j)
(506.7031046585212-1.1206890535349645e-15j)
(506.7020127990403-6.958506275193451e-16j)
(506.7008976157142-1.4471217161283401e-15j)
(506.699763940755-1.0961116808967722e-15j)
(506.6986165443693-7.747790117114111e-16j)
(506.6974601292297-1.1724659837510944e-15j)
(506.6962993250159-1.0500072957097523e-15j)
(506.69513868303295-1.0896739449962893e-15j)
(506.6939826709146-1.3753160017227197e-15j)
(506.6928356674099-7.216227887210307e-16j)
(506.6917019572708-1.0314708953784988e-15j)
(506.6905857262294-1.1502864269912422e-15j)
(506.68949105608726-8.710283488859563e-16j)
(506.688421919905-9.812566233116555e-16j)
(506.68738217731135-1.075001638253862e-15j)
(506.68637556992775-9.479272656928641e-16j)
(506.68540571691534-1.7749839008716227e-15j)
(506.6844761106494-1.4081698690219292e-15j)
(506.6835901125253-7.497283196688588e-16j)
(506.6827509489011-1.083455492148567e-15j)
(506.681961707177-1.511408698426748e-15j)
(506.6812253320217-1.4082795349034422e-15j)
(506.68054462174507-1.137833395480276e-15j)
(506.67992222482263-9.945575849102653e-16j)
(506.679360636572-5.764776807481499e-16j)
(506.67886219599256-1.0828037897663838e-15j)
(506.6784290827616-9.945887716132764e-16j)
(506.67806331439795-8.12203313609392e-16j)
(506.67776674359243-9.645726287020214e-16j)
(506.6775410557056-1.1924674948621232e-15j)
(506.67738776644313-1.3626766662512978e-15j)
(506.67730821970173-9.872249431765009e-16j)
(506.67730358559515-1.064169262175137e-15j)
(506.6773748586583-8.174735356580199e-16j)
(506.6775228562309-9.385319924035903e-16j)
(506.67774821702835-1.2090819068950496e-15j)
(506.6780513998937-1.0485874589687801e-15j)
(506.6784326827343-1.0783020897015357e-15j)
(506.67889216164986-8.591266087366111e-16j)
(506.6794297502439-1.0385352351066966e-15j)
(506.6800451791259-1.0024379504923693e-15j)
(506.68073799560176-1.0485812976785623e-15j)
(506.6815075635564-9.713385276228633e-16j)
(506.68235306352153-1.2158010046851411e-15j)
(506.6832734929387-9.034065205621909e-16j)
(506.68426766660673-1.0743975474539892e-15j)
(506.68533421732445-1.1705353485480186e-15j)
(506.6864715967162-1.2676322382177092e-15j)
(506.68767807625-9.50690321897004e-16j)
(506.68895174844164-7.539177834860395e-16j)
(506.69029052824334-9.016621050886912e-16j)
(506.69169215461926-7.969541672902777e-16j)
(506.69315419230537-1.3212220926320565e-15j)
(506.69467403374773-1.4578892709805794e-15j)
(506.6962489012233-9.98876024470093e-16j)
(506.69787584913905-1.186170515519435e-15j)
(506.69955176650507-1.2152164795838673e-15j)
(506.70127337958365-1.2542132172286217e-15j)
(506.7030372547068-1.1708849143142816e-15j)
(506.70483980126374-8.841673808440927e-16j)
(506.70667727485414-7.842045807980792e-16j)
(506.7085457806024-8.781886757960003e-16j)
(506.71044127663276-9.514670808014302e-16j)
(506.71235957769926-1.0467120792087654e-15j)
(506.7142963589705-1.1426237025002368e-15j)
(506.7162471599592-1.4901317227665077e-15j)
(506.7182073886006-1.0628787494136648e-15j)
(506.72017232547137-1.280015352235437e-15j)
(506.7221371281441-8.50970481622692e-16j)
(506.7240968356768-7.668287501927083e-16j)
(506.7260463732279-1.3990949975508262e-15j)
(506.7279805568018-1.3684204577700247e-15j)
(506.7298940981059-1.0420230275830842e-15j)
(506.7317816095276-1.287654822292423e-15j)
(506.7336376092222-1.451497044412492e-15j)
(506.7354565263022-9.904495132312443e-16j)
(506.73723270612965-1.1224303846349334e-15j)
(506.73896041570305-1.192907111688218e-15j)
(506.7406338491333-1.1097069071129925e-15j)
(506.74224713320564-1.4479752328015186e-15j)
(506.7437943330195-1.409277080499106e-15j)
(506.7452694577033-8.902580118248628e-16j)
(506.74666646619585-8.278484784541803e-16j)
(506.74797927309277-1.401373898193608e-15j)
(506.7492017545469-6.755948490235455e-16j)
(506.7503277542235-1.2187820503882697e-15j)
(506.7513510892978-8.235850941722556e-16j)
(506.75226555649385-8.196757086365743e-16j)
(506.75306493815793-1.4036113124553194e-15j)
(506.75374300835654-8.245826431392411e-16j)
(506.7542935390018-9.904920039386485e-16j)
(506.7547103059885-1.159012495634973e-15j)
(506.7549870953432-1.2060687985016466e-15j)
(506.7551177093768-9.06252218096411e-16j)
(506.75509597283724-8.3166299469801255e-16j)
(506.7549157390518-9.488439396967859e-16j)
(506.75457089605874-6.326195586242559e-16j)
(506.75405537271655-1.1702826020165423e-15j)
(506.7533631447896-1.1611225535141331e-15j)
(506.75248824100214-1.197938441310563e-15j)
(506.7514247490551-6.895187025912075e-16j)
(506.7501668215981-1.4418775777352089e-15j)
(506.74870868215675-1.1571983549569706e-15j)
(506.74704463100153-8.88312704669059e-16j)
(506.7451690509574-1.1061202544745442e-15j)
(506.74307641314897-1.0457969065804204e-15j)
(506.740761282673-1.0131063616124712e-15j)
(506.7382183241953-1.4143329602435808e-15j)
(506.735442307463-8.251949949930354e-16j)
(506.7324281127306-9.914442616325684e-16j)
(506.72917073609676-1.11026547572566e-15j)
(506.72566529473585-8.861301322892778e-16j)
(506.7219070320319-1.0790067417254302e-15j)
(506.71789132260386-1.127103807386138e-15j)
(506.7136136772163-9.041331679055534e-16j)
(506.70906974757315-1.8065282109430088e-15j)
(506.70425533099166-1.3701568175631765e-15j)
(506.6991663749454-7.534026780462555e-16j)
(506.6937989814812-1.0855507202442271e-15j)
(506.6881494114957-1.4512913686410316e-15j)
(506.68221408887575-1.403977126328986e-15j)
(506.6759896044977-1.145907490742275e-15j)
(506.66947272007064-9.704509645211496e-16j)
(506.6626603718409-5.33480945098524e-16j)
(506.6555496741324-9.97483483165127e-16j)
(506.6481379227332-9.999139249623368e-16j)
(506.64042259812095-8.290330232492716e-16j)
(506.6324013685237-9.704849598554056e-16j)
(506.6240720928134-1.1851655269085069e-15j)
(506.61543282323066-1.3372071669397252e-15j)
(506.60648180793487-1.0436450397308837e-15j)
(506.597217493382-9.61234325915435e-16j)
(506.5876385265236-8.336141346815235e-16j)
(506.57774375682783-1.0371603777525714e-15j)
(506.567532238118-1.115384709045425e-15j)
(506.557003230229-1.0842825893549051e-15j)
(506.54615620048054-1.1737717563341709e-15j)
(506.5349908249616-9.219143278505566e-16j)
(506.5235069896305-1.1284401406879021e-15j)
(506.51170479122635-1.0915810145677353e-15j)
(506.49958453799144-1.0804206952981833e-15j)
(506.48714675020346-9.778746117946832e-16j)
(506.4743921605193-1.1418963671564291e-15j)
(506.4613217141264-9.791688890130507e-16j)
(506.4479365687076-1.1257767585903059e-15j)
(506.4342380942089-1.2037788457777056e-15j)
(506.4202278724268-1.2367212971030778e-15j)
(506.40590769639516-1.0635856622723732e-15j)
(506.3912795695924-8.152297695995879e-16j)
(506.37634570495624-9.117259770907475e-16j)
(506.36110852370894-7.87996544732861e-16j)
(506.3455706540037-1.2322955696052157e-15j)
(506.3297349293781-1.4201758881435382e-15j)
(506.31360438703035-1.0959574976607547e-15j)
(506.29718226591206-1.1279210444881458e-15j)
(506.2804720046392-1.1301456562212342e-15j)
(506.2634772392323-1.1836686217578022e-15j)
(506.2462018006712-1.1448275078430456e-15j)
(506.2286497122857-8.567386531412386e-16j)
(506.2108251869716-7.402475988616911e-16j)
(506.1927326242405-6.525770008824722e-16j)
(506.17437660710175-7.583090130485552e-16j)
(506.1557618987868-1.0908012531196509e-15j)
(506.13689343931287-1.0699653428270364e-15j)
(506.11777634188985-1.3455291476411254e-15j)
(506.09841588917675-1.02208378925644e-15j)
(506.0788175293914-1.2803679276342915e-15j)
(506.05898687227136-8.394518730497447e-16j)
(506.0389296848977-6.722553382067504e-16j)
(506.01865188738134-1.3133418752715666e-15j)
(505.9981595484153-1.2583273177957305e-15j)
(505.97745888070034-1.1360467595045859e-15j)
(505.9565562362466-1.2580271063060004e-15j)
(505.93545810155297-1.2806424523343096e-15j)
(505.91417109267655-9.689913446252177e-16j)
(505.8927019501875-1.1574804384307057e-15j)
(505.87105753402-1.0897155631992507e-15j)
(505.8492448182247-1.0166184365088292e-15j)
(505.8272708856227-1.4407013876020244e-15j)
(505.80514292236995-1.3070396252964935e-15j)
(505.7828682124386-9.779030192658374e-16j)
(505.7604541320147-7.916409163931861e-16j)
(505.7379081438258-1.309513976609878e-15j)
(505.71523779139267-7.2008982245365705e-16j)
(505.69245069322517-1.3003509100833271e-15j)
(505.6695545369527-9.221564016869947e-16j)
(505.6465570734058-7.393811417240225e-16j)
(505.62346611065027-1.25002173889855e-15j)
(505.6002895079751-5.843683575971546e-16j)
(505.5770351698524-1.0511462033069146e-15j)
(505.55371103985885-1.0441961701481853e-15j)
(505.53032509457864-1.0112181198253553e-15j)
(505.50688533748195-7.829150136031779e-16j)
(505.4833997927956-8.360883034117252e-16j)
(505.45987649936325-9.278633632927258e-16j)
(505.43632350450304-6.331432412400396e-16j)
(505.4127488578714-1.1034980113499485e-15j)
(505.38916060533506-1.0479761739923722e-15j)
(505.36556678285865-1.1697114811847791e-15j)
(505.3419754104149-6.173557389261196e-16j)
(505.31839448591745-1.2337763768957187e-15j)
(505.29483197919143-1.0992866966806563e-15j)
(505.27129582597655-1.0238533049519158e-15j)
(505.24779392197803-9.910786980040758e-16j)
(505.2243341169624-1.0230179812024823e-15j)
(505.2009242089122-9.658102102086815e-16j)
(505.17757193823485-1.2593655203541274e-15j)
(505.15428498204045-8.226705487950781e-16j)
(505.1310709484898-8.90024166384332e-16j)
(505.10793737121367-9.973944181139391e-16j)
(505.0848917038182-8.991807162551578e-16j)
(505.0619413144708-1.1446610856787832e-15j)
(505.0390934805792-1.0193830181670715e-15j)
(505.0163553835642-8.311740760468771e-16j)
(504.99373410373335-1.5919479676530808e-15j)
(504.97123661525745-1.1984559968886443e-15j)
(504.9488697812575-6.979069904810761e-16j)
(504.92664034900486-9.994020487763798e-16j)
(504.9045549452372-1.2747988154979639e-15j)
(504.88262007159796-1.1859251341166273e-15j)
(504.86084210020147-1.1338231389109799e-15j)
(504.83922726932633-8.614951924751101e-16j)
(504.81778167924455-4.546613710206654e-16j)
(504.796511288184-8.521643066090291e-16j)
(504.7754219084374-8.223610077522393e-16j)
(504.75451920260684-8.093134429101269e-16j)
(504.73380868000424-9.300647254340077e-16j)
(504.7132956931967-9.958767135193484e-16j)
(504.69298543470563-1.0972164287214893e-15j)
(504.6728829338624-9.91471163486088e-16j)
(504.65299305382314-8.036442885913866e-16j)
(504.6333204887447-7.164526456758823e-16j)
(504.6138697611222-1.0135800532410433e-15j)
(504.59464521929067-1.0219319307398784e-15j)
(504.5756510351019-9.825187625178155e-16j)
(504.55689120175913-1.1012326090075426e-15j)
(504.53836953183276-7.406986710836702e-16j)
(504.52008965544115-1.0100324829369074e-15j)
(504.5020550186102-9.489159999751406e-16j)
(504.48426888180427-8.745509561761384e-16j)
(504.4667343186347-8.251117972413105e-16j)
(504.4494542147447-1.1061480988712875e-15j)
(504.43243126686986-8.384889540077959e-16j)
(504.41566798208015-1.109283469443354e-15j)
(504.3991666771956-1.1244406083247043e-15j)
(504.38292947838164-1.1239898888014925e-15j)
(504.3669583209241-8.616443148975618e-16j)
(504.3512549491802-7.63325463671975e-16j)
(504.3358209167081-8.075234815503223e-16j)
(504.32065758657006-6.66689215925736e-16j)
(504.3057661318187-1.1234632706405976e-15j)
(504.2911475361497-1.1411949333453215e-15j)
(504.2768025947365-1.0426411769943436e-15j)
(504.26273191523285-9.304544452337818e-16j)
(504.24893591894886-8.686981115063603e-16j)
(504.23541484219703-9.312678732082786e-16j)
(504.22216873780496-1.0244760545318568e-15j)
(504.2091974767974-5.724376989188981e-16j)
(504.1965007502396-3.327173479054967e-16j)
(504.18407807124396-3.209013107681227e-16j)
(504.1719287771375-3.3289986552086905e-16j)
(504.16005203178383-9.062739604064607e-16j)
(504.14844682806284-6.557302535068399e-16j)
(504.1371119904999-9.435009402362083e-16j)
(504.12604617804544-5.665834897657427e-16j)
(504.115247886999-1.0633394583509483e-15j)
(504.1047154540769-4.928987190460045e-16j)
(504.09444705961914-4.0311051050990437e-16j)
(504.08444073093136-9.836485494419006e-16j)
(504.07469434575796-8.93667316769183e-16j)
(504.065205635888-9.166042740098553e-16j)
(504.05597219088025-9.736497054836903e-16j)
(504.04699146191246-8.638647796673006e-16j)
(504.0382607657459-5.773373523887112e-16j)
(504.0297772888024-9.081491899146615e-16j)
(504.0215380913504-6.803199502759022e-16j)
(504.01354011179325-7.820781726566853e-16j)
(504.0057801710586-1.232558080680355e-15j)
(503.99825497708-1.0383429116200283e-15j)
(503.9909611293725-6.958017232558634e-16j)
(503.98389512369016-4.9680413354396e-16j)
(503.97705335676517-9.71857273406653e-16j)
(503.97043213112363-4.653414720980313e-16j)
(503.9640276599706-1.1557508897201255e-15j)
(503.95783607214406-6.925052307699262e-16j)
(503.9518534171241-3.939233202671094e-16j)
(503.94607567010473-7.700022234919155e-16j)
(503.94049873710986-1.8485107205024253e-16j)
(503.93511846015923-7.467914083995072e-16j)
(503.9299306224709-5.186032080505422e-16j)
(503.9249309537032-6.08696098761006e-16j)
(503.9201151352192-2.9236392425827384e-16j)
(503.9154788053841-4.900094420431219e-16j)
(503.9110175648752-6.109364578636861e-16j)
(503.9067269820059-3.204873170662224e-16j)
(503.90260259806263-7.819879870024055e-16j)
(503.8986399326406-6.668629785248184e-16j)
(503.89483448897613-8.168460666756566e-16j)
(503.89118175927746-3.361034766247047e-16j)
(503.88767723003565-7.922306391458146e-16j)
(503.8843163873208-7.197162937457981e-16j)
(503.8810947220542-7.507832547062549e-16j)
(503.87800773525146-6.313290661842851e-16j)
(503.8750509432332-7.468797629805988e-16j)
(503.8722198827933-7.042634983083499e-16j)
(503.8695101163249-9.309557681023774e-16j)
(503.86691723689916-6.015506865267762e-16j)
(503.8644368732851-5.163323529251851e-16j)
(503.86206469491435-7.441062380197801e-16j)
(503.85979641678017-7.015702607935494e-16j)
(503.85762780426677-1.00236441550112e-15j)
(503.855554677906-6.920567749956963e-16j)
(503.8535729180555-5.717943115087367e-16j)
(503.851678469494-1.1101541672355308e-15j)
(503.8498673459296-8.238390311761727e-16j)
(503.8481356344132-3.324785291358664e-16j)
(503.84647949966313-5.082620049784087e-16j)
(503.8448951882786-8.851506694968245e-16j)
(503.8433790328604-8.681628320001047e-16j)
(503.8419274560134-8.559293246871213e-16j)
(503.84053697424355-5.305685863882308e-16j)
(503.8392042017348-1.794713978765163e-16j)
(503.83792585400704-4.895298913009394e-16j)
(503.8366987514532-5.367774954411151e-16j)
(503.835519822746-4.786398108671196e-16j)
(503.834386108118-5.321804575319274e-16j)
(503.83329476250526-6.36706867011782e-16j)
(503.8322430585577-7.118430265734358e-16j)
(503.8312283895097-7.691583997430251e-16j)
(503.8302482719077-5.115371625096495e-16j)
(503.8293003481943-3.191325531887311e-16j)
(503.8283823891468-7.70141443292501e-16j)
(503.8274922961648-7.571501982402188e-16j)
(503.8266281034059-5.157645650812519e-16j)
(503.8257879797712-6.328791618591258e-16j)
(503.82497023073205-4.0528324712620616e-16j)
(503.82417330000396-7.579925479774283e-16j)
(503.82339577105785-7.029166492083735e-16j)
(503.82263636847335-5.305994494891489e-16j)
(503.8218939591326-5.238355872857229e-16j)
(503.8211675532509-9.042288388308278e-16j)
(503.82045630524146-5.786852346542783e-16j)
(503.819759514422-8.474966836275937e-16j)
(503.81907662555267-8.639223994237975e-16j)
(503.8184072292099-8.564619492621366e-16j)
(503.8177510619967-5.908074471789987e-16j)
(503.8171080065876-5.445996636562099e-16j)
(503.8164780916068-5.866031654335868e-16j)
(503.8158614913431-5.229742805311594e-16j)
(503.8152585252998-9.470535562822556e-16j)
(503.8146696575819-8.636755900730473e-16j)
(503.81409549611624-8.219122748716226e-16j)
(503.8135367917158-5.580830504860557e-16j)
(503.8129944369757-6.663612144132112e-16j)
(503.8124694650152-7.702590564325973e-16j)
(503.8119630480567-8.569275155850726e-16j)
(503.8114764958483-3.2706409013117464e-16j)
(503.81101125393315+4.9678163904783315e-17j)
(503.8105689017639-8.118238345911734e-17j)
(503.8101511506619-4.0108386009993126e-17j)
(503.8097598416322-5.45091489607847e-16j)
(503.8093969430277-1.8230388686522583e-16j)
(503.80906454806995-6.670905481960916e-16j)
(503.80876487222605-2.87605731857522e-16j)
(503.8085002504455-9.508818609347065e-16j)
(503.808273134263-2.9351398239756575e-16j)
(503.8080860887647-1.8787547769179248e-16j)
(503.8079417894227-6.717491659036112e-16j)
(503.8078430188051-6.929504121184813e-16j)
(503.8077926631595-7.8049584706963715e-16j)
(503.80779370887564-6.559557810164699e-16j)
(503.80784923883186-6.229055452813342e-16j)
(503.8079624286266-3.8309238934377323e-16j)
(503.8081365427024-7.200298559970217e-16j)
(503.808374930361-3.6173790403308364e-16j)
(503.8086810216797-5.717671680931167e-16j)
(503.80905832332735-9.38307210059515e-16j)
(503.8095104142906-7.917924638005906e-16j)
(503.8100409415055-4.805555603383325e-16j)
(503.8106536154112-1.8726508723684954e-16j)
(503.81135220541705-6.469758502219269e-16j)
(503.81214053529936-3.094679969926187e-16j)
(503.81302247852256-1.0009261447495962e-15j)
(503.81400195349926-5.155270986152586e-16j)
(503.8150829187833-1.712178445139493e-16j)
(503.8162693682104-4.912279771308287e-16j)
(503.8175653259871-7.478386970393663e-17j)
(503.818974841728-4.911437011932007e-16j)
(503.8205019854591-1.3508725174433485e-16j)
(503.82215084257706-5.680929845422738e-16j)
(503.82392550878245-1.7453779576213457e-16j)
(503.82583008498335-3.147261826087176e-16j)
(503.8278686721772-4.653106296128458e-16j)
(503.8300453663215-9.87133094737026e-17j)
(503.83236425318717-5.531789477274955e-16j)
(503.83482940321056-5.118343435945945e-16j)
(503.8374448663423-5.716931081484231e-16j)
(503.840214666904-1.7227173975643438e-16j)
(503.8431427984511-7.340193099207497e-16j)
(503.84623321865405-5.388289076763332e-16j)
(503.84948984419935-5.667005908190443e-16j)
(503.85291654571313-4.663568292249444e-16j)
(503.8565171427197-6.23580338151989e-16j)
(503.86029539863415-5.794307523994449e-16j)
(503.86425501579316-8.084647100700467e-16j)
(503.8683996305383-4.3265463207167993e-16j)
(503.8727328083432-2.6823905109728103e-16j)
(503.87725803900094-7.837801786516108e-16j)
(503.88197873187255-7.241805378589353e-16j)
(503.88689821119823-7.978328272208077e-16j)
(503.8920197114817-4.667201876837517e-16j)
(503.89734637295135-4.285278635974451e-16j)
(503.9028812370949-7.523346143064724e-16j)
(503.9086272422876-6.072520273115122e-16j)
(503.91458721950215-1.166410677040074e-16j)
(503.92076388811626-1.7551208489174904e-16j)
(503.9271598518156-7.31590598805205e-16j)
(503.9337775946023-7.655833454305339e-16j)
(503.940619476905-7.388244420782941e-16j)
(503.94768773180425-3.883007982386952e-16j)
(503.9549844613671-5.273494122700905e-19j)
(503.9625116331059-2.1299011687861785e-16j)
(503.97027107655254-4.2763049451797125e-16j)
(503.9782644799618-2.4938162170148307e-16j)
(503.9864933871452-2.8829796524485216e-16j)
(503.9949591944313-5.169571904259822e-16j)
(504.0036631477692-4.793088654854515e-16j)
(504.0126063399636-5.60946298620019e-16j)
(504.02178970805676-3.2634304540021033e-16j)
(504.0312140308522-4.045138501777595e-17j)
(504.040879926586-5.362556033646045e-16j)
(504.05078785074807-5.319212113762202e-16j)
(504.06093809405735-1.96547875808608e-16j)
(504.07133078058786-2.849201929602623e-16j)
(504.0819658660542-3.5723814986687514e-16j)
(504.09284313625466-5.671575195026269e-16j)
(504.1039622056749-4.509721006779669e-16j)
(504.1153225162526-2.8388888262779336e-16j)
(504.1269233363086-2.4450254682815967e-16j)
(504.1387637596372-6.576519322185727e-16j)
(504.15084270477126-4.775518672082441e-16j)
(504.1631589144051-5.267956883318796e-16j)
(504.1757109549912-7.039635553602904e-16j)
(504.18849721650435-6.624494516593399e-16j)
(504.20151591237465-3.205631485340535e-16j)
(504.214765079589-3.3952095849593834e-16j)
(504.2282425789646-3.7084751826855686e-16j)
(504.24194609559163-3.1663236826655867e-16j)
(504.25587313944266-7.343857643694456e-16j)
(504.27002104615747-6.919122644158358e-16j)
(504.28438697799123-6.682814738704105e-16j)
(504.29896792493304-3.059203837031677e-16j)
(504.3137607059948-5.365185028675089e-16j)
(504.32876197065985-6.073808189712705e-16j)
(504.3439682005049-7.29717465536989e-16j)
(504.35937571098253-1.4383033806631338e-16j)
(504.3749806533637+2.9717740898701937e-16j)
(504.3907790168484+6.459444995526807e-17j)
(504.40676663082905+4.7820745461264925e-17j)
(504.4229391673146-3.2007487389169835e-16j)
(504.4392921435109+2.2386111465469772e-17j)
(504.45582092455237-6.275986212679668e-16j)
(504.4725207263856-7.17544086931134e-17j)
(504.48938661880015-7.138417661618807e-16j)
(504.5064135286079-9.069235264385284e-17j)
(504.5235962429611-1.161836637914042e-16j)
(504.5409294128157-4.482446828584105e-16j)
(504.5584075565242-5.636028850168015e-16j)
(504.5760250635713-6.631762135101476e-16j)
(504.5937761984309-5.373659935761053e-16j)
(504.6116551045566-5.159398046543627e-16j)
(504.6296558084914-2.409858469573999e-16j)
(504.6477722240984-5.04770766390888e-16j)
(504.665998156906-2.8598988059938446e-17j)
(504.6843273085678-3.9835655450853814e-16j)
(504.7027532814245-6.947254057920411e-16j)
(504.7212695831736-6.108421493988757e-16j)
(504.739869631638-3.194689925911895e-16j)
(504.7585467596259-5.092162759727133e-18j)
(504.7772942198836-4.517345391302072e-16j)
(504.7961051901318-1.2640451627009726e-16j)
(504.81497277818636-7.47763910132401e-16j)
(504.8338900271506-3.2462065706186204e-16j)
(504.8528499206799+1.1963193884281115e-17j)
(504.871845388317-3.37504500206624e-16j)
(504.89086931088184-8.971069461132272e-17j)
(504.9099145259218-3.3944011162287964e-16j)
(504.9289738332129+4.596014647453661e-17j)
(504.94804000030666-6.239354381245774e-16j)
(504.9671057681156-5.519677209707149e-17j)
(504.98616385653787-1.3219735701599002e-16j)
(505.00520697011007-2.528206206012602e-16j)
(505.0242278036835-1.2252896170556651e-17j)
(505.04321904812497-4.1220861847079116e-16j)
(505.06217339602614-5.05205869030986e-16j)
(505.08108354742416-4.3553491130213335e-16j)
(505.09994221552734-5.319350681742351e-17j)
(505.1187421324341-6.767746525843504e-16j)
(505.13747605485133-3.7530943984477025e-16j)
(505.1561367697916-4.286462999300727e-16j)
(505.17471710025995-3.6919162955540464e-16j)
(505.19320991091115-3.914324485493986e-16j)
(505.21160811368145-3.176880814910355e-16j)
(505.2299046733833-7.267741863193372e-16j)
(505.2480926132628-3.6351256735712245e-16j)
(505.2661650205112-1.159058867756446e-16j)
(505.28411505172375-8.025393409709054e-16j)
(505.3019359383072-6.484702327638393e-16j)
(505.3196209918235-6.154354595586329e-16j)
(505.3371636092698-3.8337599059493144e-16j)
(505.35455727828537-3.029896435760808e-16j)
(505.3717955822838-5.088661015082148e-16j)
(505.3888722055077-4.2147535874378224e-16j)
(505.4057809379894-1.159233675078552e-16j)
(505.4225156804333-5.644266414371716e-18j)
(505.4390704489923-7.009323169271627e-16j)
(505.45543937995126-6.422980357240677e-16j)
(505.4716167343035-6.1380129788870125e-16j)
(505.48759690222056-4.397187774051078e-16j)
(505.5033744074092+1.2910589918372925e-16j)
(505.51894391134977-1.0498531697808874e-17j)
(505.53430021741605-3.827122595994882e-16j)
(505.54943827486875-1.2995680606186028e-16j)
(505.5643531827196-9.144075636518392e-17j)
(505.57904019346637-4.839205923115974e-16j)
(505.59349471668895-2.5146728728884754e-16j)
(505.6077123225043-4.169976173699712e-16j)
(505.6216887448861-2.280951125742731e-16j)
(505.63541988482774+1.2637454701780644e-16j)
(505.6489018133669-3.2152429945529037e-16j)
(505.66213077445093-2.9719888025217963e-16j)
(505.67510318765045-3.039192218781362e-17j)
(505.68781565071686-1.9702052590744376e-17j)
(505.70026494197606-4.3450926299833607e-16j)
(505.7124480225662-3.072548721555933e-16j)
(505.724362038506-2.7657948362283507e-16j)
(505.73600432259923-1.5399759215735484e-16j)
(505.74737239617156-7.998862920612592e-17j)
(505.7584639706375-3.8913386820915225e-16j)
(505.7692769488954-4.494812803653215e-16j)
(505.77980942655256-3.2350964794166943e-16j)
(505.79005969297316-6.641793319333894e-16j)
(505.80002623215523-4.3052946675338064e-16j)
(505.80970772342795-2.0984646649112793e-16j)
(505.81910304198146-2.467524206049952e-16j)
(505.82821125920685-2.3204896086612355e-16j)
(505.8370316428724-2.5712062090219553e-16j)
(505.84556365711506-6.22800457594849e-16j)
(505.85380696225855-5.857732185285662e-16j)
(505.86176141445276-6.335078778043156e-16j)
(505.8694270651376-1.5475745730210627e-16j)
(505.8768041603317-4.993840591265655e-16j)
(505.88389313974534-4.767671134969357e-16j)
(505.89069463571934-7.170368365979294e-16j)
(505.89720947199123-1.2148161095890146e-16j)
(505.9034386622894+2.5335727581210764e-16j)
(505.9093834087563+1.0751100259788414e-16j)
(505.9150451002034-1.841364948017467e-18j)
(505.9204253102003-2.7902106753117504e-16j)
(505.92552579499403+4.551323211375196e-17j)
(505.93034849127116-6.520347352506301e-16j)
(505.93489551375484-6.739739744227387e-17j)
(505.9391691526442-6.210279419640267e-16j)
(505.94317187089854-2.1921534889168042e-16j)
(505.94690630136705-7.784195364480169e-17j)
(505.9503752437692-3.493533821442337e-16j)
(505.9535816615258-5.242974676338585e-16j)
(505.95652867844626-6.562736176049058e-16j)
(505.95921957527673-4.791158966123384e-16j)
(505.96165778610685-4.972938742042767e-16j)
(505.96384689464503-3.2685145506168484e-16j)
(505.96579063036194-4.96177489685324e-16j)
(505.9674928645061+1.0961616233941521e-17j)
(505.96895760600097-3.628193698273049e-16j)
(505.97018899721576-5.690675676857314e-16j)
(505.9711913096299-4.1289215446195125e-16j)
(505.9719689393801-3.645789537035235e-16j)
(505.97252640270534+3.5240324173983355e-18j)
(505.97286833128965-4.3182491004064886e-16j)
(505.97299946750616-2.477754552133646e-16j)
(505.9729246595698-6.991233003897491e-16j)
(505.9726488566048-2.5968139225398244e-16j)
(505.97217710362435-3.737668720155734e-17j)
(505.9715145364371-3.49795037767716e-16j)
(505.9706663764775-1.5551739227767675e-16j)
(505.96963792557113-4.019404785328667e-16j)
(505.96843456063465+7.522213447177355e-17j)
(505.96706172832046-6.352946943481937e-16j)
(505.9655249396094-1.9618102289004757e-16j)
(505.96382976435154-2.0284062078764455e-16j)
(505.9619818257743-2.4489994065919663e-16j)
(505.959986794945-9.093343526257541e-17j)
(505.95785038520944-3.1714506964935905e-16j)
(505.95557834660195-4.878522336027205e-16j)
(505.95317646023466-4.4232709759813825e-16j)
(505.9506505326764+4.979861686019576e-17j)
(505.9480063903181-6.527561754670459e-16j)
(505.9452498737361-4.111965070432812e-16j)
(505.94238683206123-4.752746517298951e-16j)
(505.9394231173486-3.3608025932094073e-16j)
(505.9363645789654-3.4965795015000414e-16j)
(505.9332170579982-1.4404495684764148e-16j)
(505.92998638167745-6.174196542232815e-16j)
(505.9266783578401-2.6070168183806935e-16j)
(505.92329876941886-1.0783408958775135e-16j)
(505.91985336897767-7.352656998915007e-16j)
(505.9163478732896-6.205128786718807e-16j)
(505.9127879579655-5.539406671841577e-16j)
(505.90917925213944-3.676845464843815e-16j)
(505.9055273332146-2.896773437577989e-16j)
(505.90183772167455-4.259850985072014e-16j)
(505.8981158759675-3.3915146453622027e-16j)
(505.8943671874655-2.3849573439216064e-16j)
(505.89059697550283+5.2616237143625524e-18j)
(505.8868104825038-6.626837564892973e-16j)
(505.8830128691988-4.714264480145102e-16j)
(505.8792092099332-5.580694159519352e-16j)
(505.87540448808056-4.675168087408897e-16j)
(505.8716035915559+8.10287750756509e-17j)
(505.8678113084379+1.3819541189749584e-16j)
(505.8640323227052-2.6893680477442086e-16j)
(505.86027121008664-1.295925234211911e-16j)
(505.8565324340341+3.101911448121043e-17j)
(505.8528203418169-4.58690547470201e-16j)
(505.84913916074845-1.5334579928097257e-16j)
(505.8454929945379-3.0500117171756877e-16j)
(505.84188581978475-2.0137951485766175e-16j)
(505.8383214826028+1.286854743578577e-16j)
(505.8348036953933-9.963986317798165e-17j)
(505.83133603375865-5.788200802519758e-17j)
(505.8279219335627+1.518689889844334e-17j)
(505.82456468814354+2.0254498716198018e-16j)
(505.82126744567717-3.649236854407786e-16j)
(505.81803320669576-1.0024357017207459e-16j)
(505.81486482176626-3.798183346794673e-17j)
(505.81176498932274+2.0657772579527524e-17j)
(505.80873625366627-1.4602059026079615e-17j)
(505.8057810031233-1.8376284961907894e-16j)
(505.8029014683705-3.0815477617398903e-16j)
(505.8000997209263-2.538600903337295e-16j)
(505.7973776718088-4.639616550849028e-16j)
(505.7947370703615-2.0709197190174472e-16j)
(505.7921795032507-7.638081476341388e-17j)
(505.78970639363234-1.3145213790541897e-16j)
(505.7873190004874-9.233255338980468e-17j)
(505.7850184181318-2.10552505171087e-16j)
(505.78280557589767-3.568198511718356e-16j)
(505.78068123798096-4.008743003080335e-16j)
(505.77864600347107-5.04331434760822e-16j)
(505.77670030653866+1.0047800758907684e-16j)
(505.77484441680707-3.3766900301760537e-16j)
(505.7730784398829-2.359333595732881e-16j)
(505.77140231806555-5.507355418773343e-16j)
(505.7698158312179-3.327453603020885e-18j)
(505.7683185978091+2.6062518350254137e-16j)
(505.766910076122+1.7965386612725323e-16j)
(505.76558956562485+1.0936727060549973e-16j)
(505.76435620850646-2.5815261261997552e-16j)
(505.7632089913734+1.3140972230882343e-16j)
(505.76214674710684-4.409435160481304e-16j)
(505.7611681568739+9.962304629437511e-17j)
(505.76027175229996-3.5114255544510126e-16j)
(505.75945591778594-1.126420132724522e-16j)
(505.75871889298384+6.015577164214481e-17j)
(505.75805877541364-9.624812238133812e-17j)
(505.7574735232272-2.0557830684615812e-16j)
(505.7569609581155-4.3798096775573884e-16j)
(505.75651876835224-2.1636130734596906e-16j)
(505.7561445119714-1.9001383894464552e-16j)
(505.75583562008177-1.365452767043744e-16j)
(505.7555894003044-2.217998683758052e-16j)
(505.7554030403393+7.676278617036217e-17j)
(505.7552736116487-2.723945874924337e-16j)
(505.75519807326197-3.18432050611691e-16j)
(505.7551732756899-1.5754268958289557e-16j)
(505.75519596495127-2.3356866925805133e-16j)
(505.75526278670026+2.2175599083703798e-16j)
(505.7553702904589-2.831319313551654e-16j)
(505.75551493394147-1.916806205699969e-16j)
(505.7556930874724-4.70000016385384e-16j)
(505.75590103849305-2.676858555647257e-17j)
(505.7561349961445+9.042753892685444e-17j)
(505.7563910959355-1.107512294692498e-16j)
(505.75666540447844-2.888011954674504e-17j)
(505.7569539242931-2.7867183870756926e-16j)
(505.75725259867585+2.7877797011884154e-16j)
(505.7575573166228-3.803429664389598e-16j)
(505.7578639178101-9.278176497885914e-17j)
(505.75816819761747+3.207651344011171e-17j)
(505.75846591219755-6.661157912356232e-17j)
(505.7587527835795-5.34817207291751e-17j)
(505.75902450480737-1.374871649634822e-16j)
(505.75927674510194-3.039898273035597e-16j)
(505.7595051550463-3.1022457941696967e-16j)
(505.7597053717873+3.2020225018980654e-16j)
(505.75987302424676-3.6055690646002963e-16j)
(505.76000373833705-2.2940212866492826e-16j)
(505.76009314217913-2.079304590109658e-16j)
(505.76013687131467-1.3533236269620138e-16j)
(505.7601305739049-8.14135912806945e-17j)
(505.7600699159173+1.626247108868979e-16j)
(505.7599505862885-3.2669836875392277e-16j)
(505.75976830206173-1.1875311105711862e-16j)
(505.7595188134909+1.49663454892397e-17j)
(505.7591979091119-4.444544537502508e-16j)
(505.75880142076545-3.1141489313752777e-16j)
(505.7583252285799-3.2001928507456866e-16j)
(505.7577652658939-2.0071427655940134e-16j)
(505.7571175241304-1.1431169853278537e-16j)
(505.7563780575996-1.7658443988509286e-16j)
(505.75554298824346-6.920379113976825e-17j)
(505.7546085103011-1.425302032408508e-16j)
(505.75357089490205+2.453710141539678e-16j)
(505.75242649457437-4.2811313951022076e-16j)
(505.75117174767337-1.3818175654940297e-16j)
(505.7498031827125-1.8440731116231517e-16j)
(505.7483174226037-2.985818278868709e-16j)
(505.7467111887979+2.0449695320680152e-16j)
(505.74498130532334+3.65126838002662e-16j)
(505.7431247027153-6.530493904839393e-17j)
(505.74113842183317-4.4831944717843295e-17j)
(505.7390196175671+3.0013702835124523e-16j)
(505.7367655624216-2.9601754050549884e-16j)
(505.73437364997756-2.627183056450293e-18j)
(505.73184139822945-9.141220132473046e-17j)
(505.7291664527938-8.935404946789101e-17j)
(505.72634658998265+2.0017695034147645e-16j)
(505.7233797197422+2.0355681412967018e-16j)
(505.72026388845586+1.9104270538770305e-16j)
(505.71699728160183+1.0471871365289211e-16j)
(505.71357822626925+5.13511790983136e-16j)
(505.71000519352543-1.8092711434564266e-16j)
(505.70627680063893+1.1069406376976336e-16j)
(505.70239181314406+2.5788993137134455e-16j)
(505.69834914675886+2.078407316041148e-16j)
(505.69414786914524-3.7989621061531376e-17j)
(505.6897872015115+5.137835856071571e-17j)
(505.6852665200564-6.613181479188857e-17j)
(505.68058535725567-2.376518782715771e-16j)
(505.67574340298506-2.075469142705801e-16j)
(505.67074050547956-4.5221234092753307e-17j)
(505.6655766721336+1.0515448743092638e-16j)
(505.66025207013286-4.322154225089058e-18j)
(505.654767026924-4.057323942879223e-17j)
(505.64912203051824-2.0570086485439076e-16j)
(505.64331772962714-1.1094726539169227e-16j)
(505.6373549336399-1.825520134571062e-16j)
(505.63123461242384-3.4961827587021713e-16j)
(505.6249578959701+3.009986736480557e-16j)
(505.61852607386726-2.645043417684961e-16j)
(505.61194059461434-9.262003088421677e-17j)
(505.60520306476707-3.7176971657636855e-16j)
(505.5983152479229+1.9870194125221288e-17j)
(505.5912790635444+3.489697329050672e-16j)
(505.5840965856195+2.1123425284741248e-16j)
(505.5767700411643+2.1811757176651802e-16j)
(505.5693018085675-2.1791932606693625e-16j)
(505.5616944157771+1.9974517779039192e-16j)
(505.55395053833513-2.156149397526138e-16j)
(505.54607299725706+1.8207948355204271e-16j)
(505.53806475676237-1.8414627330331646e-16j)
(505.5299289218552+4.183812671044303e-17j)
(505.5216687357645+1.5006527882089355e-16j)
(505.5132875772305+1.591036541977066e-16j)
(505.50478895766236+1.8093616154837354e-16j)
(505.49617651814964-2.7380979612937917e-16j)
(505.487454026344+7.634521932640144e-17j)
(505.47862537320503-2.04298002183605e-17j)
(505.4696945696217+3.5463256016138653e-17j)
(505.4606657429062-8.291918011966603e-17j)
(505.45154313316675+1.3317177445490067e-17j)
(505.44233108956246-3.103207983991182e-16j)
(505.43303406644515-1.3822110324632282e-16j)
(505.4236566193876-3.130659544187687e-17j)
(505.41420340110955-2.1221077605058593e-16j)
(505.4046791572961+2.9320272966635356e-16j)
(505.39508872232403-2.723619886374217e-16j)
(505.38543701488766-1.9941090568966071e-16j)
(505.3757290335407-4.51371408960798e-16j)
(505.3659698521477-3.769098085555026e-17j)
(505.3561646152588+7.77201268456217e-17j)
(505.3463185334062-2.664870595030808e-17j)
(505.33643687832847-4.419762197725886e-17j)
(505.3265249781301-2.520512662916853e-16j)
(505.31658821237784+2.7828098666173715e-16j)
(505.3066320071388-3.3948768040150737e-16j)
(505.2966618299696-1.2492135801018896e-16j)
(505.2866831848545-1.0137150121751458e-17j)
(505.2767016071028-9.005845940462261e-17j)
(505.26672265820946-1.1220914370901804e-16j)
(505.2567519206831+1.876913082185797e-17j)
(505.2467949928478-1.2351246042583748e-16j)
(505.2368574836201-2.9696104663722727e-16j)
(505.22694500727374+3.995491247256278e-16j)
(505.2170631781893-2.648197727206963e-16j)
(505.2072176055994-6.396073595365509e-17j)
(505.1974138883306-6.732263298423097e-17j)
(505.18765760955347-5.742259943892683e-17j)
(505.17795433153657-5.345752049394296e-17j)
(505.1683095904198+1.6159433512505702e-16j)
(505.1587288910041-2.2085695985506013e-16j)
(505.14921770156576-1.0121445986310086e-16j)
(505.1397814487054-2.543370808107367e-17j)
(505.13042551222424-4.1512697101499134e-16j)
(505.121155220047-1.4005833304073048e-16j)
(505.1119758431878-1.828087624618998e-16j)
(505.1028925907641-2.299962262594382e-17j)
(505.09391060506755-1.7147754342050757e-16j)
(505.0850349566952+9.086693741536146e-18j)
(505.0762706397444+8.251794097645682e-17j)
(505.0676225670777-1.9674588721438516e-16j)
(505.0590955656599+3.063874211140388e-16j)
(505.0506943719775-4.81919902472358e-16j)
(505.04242362753797-3.9401959885674594e-17j)
(505.03428787445864-1.9647786331291522e-17j)
(505.02629155114744-1.7032841513767384e-16j)
(505.0184389880792+2.489995609773868e-16j)
(505.0107344036722+4.019356171716564e-16j)
(505.0031819002736-4.665245648583385e-17j)
(504.9957854602454-3.62230173023076e-17j)
(504.9885489421718+3.1416017416367045e-16j)
(504.98147607717624-3.0849509006961025e-16j)
(504.9745704653608-2.547435197560616e-17j)
(504.96783557236967+2.3531631248913066e-17j)
(504.9612747260796-2.505663852125912e-17j)
(504.95489111341806+2.1584321856215068e-16j)
(504.9486877773183+3.375138837024011e-16j)
(504.94266761380686+2.8415119462643834e-16j)
(504.9368333692343-2.7365275086509345e-17j)
(504.9311876376447+5.985029887468001e-16j)
(504.9257328582926-2.0970135357556218e-16j)
(504.92047131330446+2.0070122955451692e-16j)
(504.91540512549227+4.9772313261316955e-16j)
(504.9105362563151+2.1254128151794525e-16j)
(504.9058665039999-3.8075945820076055e-17j)
(504.9013975018127+2.2076185955989857e-16j)
(504.8971307164895+3.91786022435455e-17j)
(504.89306744682784-2.266328708597436e-16j)
(504.8892088224342-6.877707295101979e-17j)
(504.8855558026379-1.4471868626660905e-16j)
(504.8821091755653+2.9934659791594244e-16j)
(504.878869557378+3.9139283100916027e-17j)
(504.8758373916772-1.6701681452621656e-18j)
(504.87301294907076-9.121682030162225e-17j)
(504.870396326908+4.09843433195749e-17j)
(504.86798744918053+2.4503823059316596e-17j)
(504.86578606658776-2.5741570068455233e-16j)
(504.8637917567718+3.6891614793712093e-16j)
(504.86200392471335-2.6942341775825267e-16j)
(504.8604218032996+3.065420533344151e-17j)
(504.8590444540512-1.686916580127582e-16j)
(504.857870768021+2.812815450503563e-17j)
(504.85689946684795+5.706061371772379e-16j)
(504.8561291039821+2.125788036789351e-16j)
(504.8555580660654+2.5590377140614524e-16j)
(504.85518457447785-2.1552821822425793e-16j)
(504.855006687038+2.5578865669135176e-16j)
(504.8550222998647-1.9005730326524632e-16j)
(504.85522914939185+2.870028847887492e-16j)
(504.8556248145394+8.416466344301548e-17j)
(504.85620671903484+2.4773710550010487e-16j)
(504.8569721338824+2.0987409454103934e-16j)
(504.8579181799841+4.302281027353087e-16j)
(504.85904183090156+4.0198215192551657e-16j)
(504.8603399157615-4.640232964858717e-17j)
(504.8618091223003+2.700230531225068e-16j)
(504.863446000046+8.826575238215786e-20j)
(504.86524696363205+2.6744994567967723e-16j)
(504.86720829624255+1.0970019865759953e-16j)
(504.86932615318443+4.835168514515439e-17j)
(504.8715965655831-2.7759987106595174e-16j)
(504.8740154441978+8.497437923717496e-17j)
(504.8765785833533-3.339441261817992e-18j)
(504.8792816649845-9.375171083464681e-17j)
(504.88212026279206+4.315236775271182e-16j)
(504.88508984649724-2.1343165272594398e-16j)
(504.8881857862032-1.506063058210021e-16j)
(504.89140335684925-1.8356855107186686e-16j)
(504.8947377427598+3.193071055910766e-17j)
(504.89818404227793+1.7497892617694486e-16j)
(504.90173727248674+7.262996601982853e-17j)
(504.9053923740052-1.2463849291980228e-16j)
(504.90914421586143-1.0939633187837785e-16j)
(504.91298760043344+3.688364023205041e-16j)
(504.91691726845676-2.9393650360464926e-16j)
(504.92092790409043+5.4086274472339045e-17j)
(504.92501414003766+7.207834224470772e-17j)
(504.9291705627194-8.228225988880524e-18j)
(504.93339171748966-1.3607609118569906e-16j)
(504.93767211389377+2.2397842777594293e-16j)
(504.94200623095975+2.2052268890179737e-18j)
(504.9463885225208-2.0354095600094116e-16j)
(504.9508134225631+5.131210989291144e-16j)
(504.9552753505899-1.1076183218928515e-16j)
(504.95976871700685+1.5453888570012253e-16j)
(504.964287928508+1.7433322307069484e-16j)
(504.9688273934726-3.0547928923794163e-17j)
(504.97338152735983+1.1627733477600746e-16j)
(504.9779447580923+3.477359691460694e-16j)
(504.9825115314334-1.0085222324564469e-16j)
(504.98707631634664-8.503284935922537e-17j)
(504.9916336103302+1.0521359717942945e-16j)
(504.99617794472795-3.723434095104379e-16j)
(505.00070389000626+5.917699588596297e-17j)
(505.0052060609928+5.392748005444344e-17j)
(505.00967912207466+1.0272512669896652e-16j)
(505.01411779234877-1.0157262380188815e-16j)
(505.01851685071546+3.431167488376643e-16j)
(505.0228711409233+3.822127436538881e-16j)
(505.0271755765414-2.332075087410867e-16j)
(505.0314251458717+5.219197193221856e-16j)
(505.03561491678647-4.0715833471497588e-16j)
(505.0397400414899+6.05912172663107e-17j)
(505.0437957611962+1.7432294341527407e-16j)
(505.0477774107244-4.8399454495749196e-17j)
(505.0516804230023+3.6864575216878483e-16j)
(505.0555003334739+5.295536974039724e-16j)
(505.05923278440963-5.181780705171694e-18j)
(505.0628735291116+7.562567966663374e-17j)
(505.0664184360121+4.723119331480234e-16j)
(505.069863492662-2.051756385651599e-16j)
(505.0732048096014+5.0034827858188496e-17j)
(505.0764386241125+2.7429123390906645e-16j)
(505.07956130384855+8.94634262639911e-17j)
(505.08256935033893+3.19271273051872e-16j)
(505.0854594023611+5.383716473363871e-16j)
(505.0882282391813+4.656328587821323e-16j)
(505.0908727836584+6.149104821102071e-17j)
(505.0933901052082+7.984476452673886e-16j)
(505.0957774226258-1.4487510575928497e-16j)
(505.0980321067624+3.5464145861497967e-16j)
(505.10015168305347+7.149721475112572e-16j)
(505.1021338338989+2.0689453093561346e-16j)
(505.1039764008882+7.384742548402417e-17j)
(505.1056773868705+5.425581923117801e-16j)
(505.1072349578709+1.4114162141085097e-16j)
(505.10864744484337-1.126754854382731e-16j)
(505.1099133452664+2.0481047749722585e-16j)
(505.11103132457373-3.921061860717068e-17j)
(505.1120002174229+4.514388492894165e-16j)
(505.11281902880046+1.9642629672116448e-16j)
(505.1134869349556+1.6413737428135755e-16j)
(505.11400328417096+2.0914040968615e-17j)
(505.1143675973647+2.4192302893383234e-16j)
(505.11457956852195+1.8524188101049942e-16j)
(505.11463906496-1.4340288391070913e-16j)
(505.11454612742017+5.521138636747848e-16j)
(505.114300969994-1.630781372919372e-16j)
(505.11390397987583+1.369637902772528e-16j)
(505.1133557169474+9.469965651029512e-17j)
(505.11265691319625+4.678685523446531e-17j)
(505.1118084719581+6.298977957289875e-16j)
(505.1108114669984+2.9654476095582826e-16j)
(505.10966714142035+2.967703958745112e-16j)
(505.10837690641364-7.903211612835926e-17j)
(505.10694233982883+5.213859108645719e-16j)
(505.10536518459594-9.197176981293067e-17j)
(505.10364734697635+3.377924978131081e-16j)
(505.10179089465356+2.6679131959101245e-16j)
(505.0997980546665+2.9458443194064027e-16j)
(505.09767121118387+3.863811243929537e-16j)
(505.09541290312575+7.629447349060441e-16j)
(505.0930258216275+5.770625112684119e-16j)
(505.0905128073601+2.0281257132495285e-16j)
(505.08787684769413+5.176084555281404e-16j)
(505.0851210737249+1.547860498740907e-16j)
(505.0822487571515+3.5229787374888466e-16j)
(505.07926330701747+3.941738580101953e-16j)
(505.07616826631363+1.7210994727249514e-16j)
(505.072967308449-9.056984694501487e-17j)
(505.06966423358887+4.0145812891633685e-16j)
(505.06626296487076+2.3385520645476787e-16j)
(505.062767544492+1.0630970194174122e-16j)
(505.059182129682+6.667004125902897e-16j)
(505.0555109885567+3.309747878077633e-17j)
(505.05175849586317-1.1089443110123518e-16j)
(505.0479291286137+1.5954300799099785e-16j)
(505.04402746162157+1.5560194041380051e-16j)
(505.0400581629305+2.7067877743922597e-16j)
(505.0360259891577+2.1628457394247225e-16j)
(505.0319357807388-7.641280926668769e-17j)
(505.0277924570929+2.4513037881809965e-17j)
(505.0236010117019+5.682602087022062e-16j)
(505.01936650711724-1.1305095893862205e-16j)
(505.0150940698936+1.4010517998684345e-16j)
(505.0107888854518+1.537527369933117e-16j)
(505.0064561928891+7.990716256283781e-17j)
(505.0021012797212-2.145149822595303e-17j)
(504.9977294765827+6.075922712176938e-16j)
(504.9933461518736+2.1056384350028525e-16j)
(504.9889567063669+5.02666282527637e-18j)
(504.9845665677805+7.329622126482964e-16j)
(504.9801811853171+2.0297648893770693e-16j)
(504.97580602417753+3.807963188186851e-16j)
(504.9714465600541+3.3733694438454426e-16j)
(504.96710827360897+4.8728917107296175e-17j)
(504.96279664494153+1.9008995836812536e-16j)
(504.95851714805144+5.550382178071587e-16j)
(504.95427524530373+1.457642507869855e-16j)
(504.9500763818988+1.155723394554597e-16j)
(504.9459259803509+3.164705656931812e-16j)
(504.9418294349913-2.0366659857048352e-16j)
(504.937792106484+9.628458339301844e-17j)
(504.933819316375+2.91083729104709e-16j)
(504.92991634167436+2.7114586949907474e-16j)
(504.9260884094718+1.100904973395225e-17j)
(504.9223406915994+5.910046758512142e-16j)
(504.91867829934216+5.998717805801249e-16j)
(504.9151062781996-2.702417269836733e-16j)
(504.9116296027096+6.353296077566778e-16j)
(504.90825317133323-1.8491441474979962e-16j)
(504.904981801409+1.7051181230973982e-16j)
(504.901820224182+2.1641626093214418e-16j)
(504.89877307990923+6.319786370442212e-17j)
(504.8958449130496+4.5200363490875e-16j)
(504.89304016754187+7.037927812380487e-16j)
(504.8903631821759+1.3976767493905584e-16j)
(504.88781818605855+2.2475560636017614e-16j)
(504.88540929418383+6.582594292589498e-16j)
(504.88314050310737-1.6214701483148257e-17j)
(504.8810156867334+2.05332945695531e-16j)
(504.87903859221234+5.820157469381159e-16j)
(504.87721283596+2.2193590876304065e-16j)
(504.87554189979886+4.353465372758814e-16j)
(504.874029127224+8.903741980027956e-16j)
(504.8726777198007+7.103938494871671e-16j)
(504.87149073369284+2.8574986388663257e-16j)
(504.87047107633293+1.067522045017282e-15j)
(504.8696215032271+6.966089844719454e-17j)
(504.8689446149082+5.488381123862326e-16j)
(504.8684428540317+9.48079616627378e-16j)
(504.8681185026238+3.106014652952934e-16j)
(504.86797367948174+2.689135547741929e-16j)
(504.8680103377244+8.422391503832089e-16j)
(504.8682302625087+2.892285775087647e-16j)
(504.86863506889796+1.2291721855297784e-16j)
(504.86922619989576+6.118830920244916e-16j)
(504.87000492464347+2.1627075739271097e-16j)
(504.87097233678344+7.06668250660704e-16j)
(504.8721293529889+4.0823529927968215e-16j)
(504.87347671166555+3.6963383103509694e-16j)
(504.8750149718177+2.103794656528502e-16j)
(504.876744512096+5.492154728703337e-16j)
(504.8786655300073+4.2376418632596064e-16j)
(504.88077804130546+1.065492401640659e-16j)
(504.8830818795531+7.906476005730935e-16j)
(504.8855766958609+1.2182652628933483e-16j)
(504.888261958799+4.169851100450569e-16j)
(504.891136954488+3.808666776479716e-16j)
(504.8942007868627+2.0024624510292543e-16j)
(504.8974523781108+7.22699420540805e-16j)
(504.9008904692919+4.2570523125210383e-16j)
(504.90451362112447+3.584535182903387e-16j)
(504.9083202149534+9.881350964634793e-17j)
(504.9123084538853+6.844547757805443e-16j)
(504.9164763641026+6.375770255634517e-17j)
(504.92082179634247+5.767218966324096e-16j)
(504.9253424275512+5.290442202177054e-16j)
(504.930035762706+2.928285225245556e-16j)
(504.9348991367989+5.408752670984197e-16j)
(504.93992971699515+1.0429147819384217e-15j)
(504.9451245049471+7.916887486007071e-16j)
(504.95048033927253+5.049689490678142e-16j)
(504.95599389819216+6.956603178227582e-16j)
(504.96166170232374+3.8166084272396586e-16j)
(504.9674801176298+5.582952625296314e-16j)
(504.97344535851425+7.099707203316587e-16j)
(504.9795534910742+2.977817809613739e-16j)
(504.9858004364902+1.8549116179609598e-16j)
(504.99218197456264+7.82940006311757e-16j)
(504.99869374738563+5.598372710865831e-16j)
(505.00533126315815+5.055021794143277e-16j)
(505.0120899001266+9.078012017100052e-16j)
(505.0189649106542+3.333339918147176e-16j)
(505.02595142541725+1.415088868764229e-16j)
(505.03304445772176+6.632795331938148e-16j)
(505.04023890793457+3.0537427987470447e-16j)
(505.047529568029+5.17939879654128e-16j)
(505.05491112624014+5.759657309563667e-16j)
(505.0623781718182+1.892470304795337e-16j)
(505.0699251998879+3.1053243463561824e-16j)
(505.077546616398+8.584427471173021e-16j)
(505.08523674316365+1.8563076176502496e-16j)
(505.09298982299066+3.803802169002838e-16j)
(505.10080002488434+4.315993020937357e-16j)
(505.10866144933084+2.893460864919871e-16j)
(505.11656813364846+1.9596333103619466e-16j)
(505.124514057408+9.14846112779869e-16j)
(505.13249314790846+5.045962393363893e-16j)
(505.1404992857102+2.897084128871805e-16j)
(505.14852631021967+8.916992507941924e-16j)
(505.1565680253143+5.11452973682957e-16j)
(505.16461820500894+6.663447232123961e-16j)
(505.17267059915486+5.060320500752843e-16j)
(505.18071893916795+2.0595198166167003e-16j)
(505.1887569437788+3.8926818641328676e-16j)
(505.1967783248001+7.96440154368446e-16j)
(505.204776792903+5.586443430706533e-16j)
(505.21274606340523+3.262926052927209e-16j)
(505.22067986205406+5.713832777578691e-16j)
(505.22857193080654+4.5352649460045335e-17j)
(505.2364160335988+2.836068077573824e-16j)
(505.24420596210047+5.45023690134839e-16j)
(505.25193554144334+3.8964010706748644e-16j)
(505.25959863592664+3.083408177479381e-16j)
(505.26718915468945+8.332418437146309e-16j)
(505.2747010573397+7.718662132421736e-16j)
(505.28212835954747-1.8205955659249227e-16j)
(505.2894651385809+7.100104333099559e-16j)
(505.2967055387948-8.613233745497734e-19j)
(505.30384377705235+4.0709981195694054e-16j)
(505.310874148089+2.9074123879250357e-16j)
(505.31779102979925+1.7078220726521602e-16j)
(505.32458888845326+6.637241642170729e-16j)
(505.3312622838291+8.076236936646311e-16j)
(505.3378058742616+3.8572153051748295e-16j)
(505.3442144216014+3.9155552571833665e-16j)
(505.3504827960745+8.365268778077826e-16j)
(505.35660598104903+2.10085490960094e-16j)
(505.3625790776878+4.707380720995779e-16j)
(505.3683973095015+7.529012514784482e-16j)
(505.3740560267802+3.1790704163063284e-16j)
(505.3795507109125+5.883095202928458e-16j)
(505.38487697857767+1.2122402631353798e-15j)
(505.39003058581534+9.77016534785762e-16j)
(505.3950074319625+5.263825869073617e-16j)
(505.3998035634563+1.3552197408465612e-15j)
(505.4044151775+2.7520980190108327e-16j)
(505.408838625586+8.431248196703406e-16j)
(505.41307041687344+1.0429747713675982e-15j)
(505.41710722142045+4.795912363440647e-16j)
(505.42094587325926+4.564311688154886e-16j)
(505.42458337332215+1.0347849998459e-15j)
(505.4280168922042+5.298905947949874e-16j)
(505.431243772771+4.023713931683746e-16j)
(505.4342615325997+8.427410870180896e-16j)
(505.43706786625523+6.09295501541829e-16j)
(505.4396606473993+9.879375052693014e-16j)
(505.44203793072927+5.275800066393431e-16j)
(505.4441979537433+5.093806381206598e-16j)
(505.44613913833723+3.4942963668602783e-16j)
(505.44786009221724+6.596363569023574e-16j)
(505.44935961014403+6.589640736547093e-16j)
(505.45063667499375+2.922058433156964e-16j)
(505.4516904586417+8.89231699925698e-16j)
(505.4525203226662+3.320031474662963e-16j)
(505.4531258188685+6.625669934828667e-16j)
(505.4535066896148+4.496490061949991e-16j)
(505.4536628679937+2.9558277691636067e-16j)
(505.45359447779134+7.881348920780552e-16j)
(505.4533018332876+3.7672157975764896e-16j)
(505.4527854388622+4.115665758844618e-16j)
(505.4520459884289+2.8727701828429064e-16j)
(505.4510843646799+6.966646380210599e-16j)
(505.4499016381524+3.3156042855483993e-16j)
(505.4484990661166+6.8218890504046e-16j)
(505.4468780912803+4.824921574501465e-16j)
(505.44504034031957+2.840944343783379e-16j)
(505.44298762223093+6.562465111518932e-16j)
(505.44072192650776+1.0338532069107276e-15j)
(505.4382454211425+9.207453723773006e-16j)
(505.4355604504625+6.577201502763695e-16j)
(505.4326695327878+7.817735521132086e-16j)
(505.429575357927+6.034880890893633e-16j)
(505.426280784507+5.979220108325582e-16j)
(505.4227888371403+6.987975247675447e-16j)
(505.41910270342953+3.3179078741052554e-16j)
(505.4152257308174+4.557996657323278e-16j)
(505.4111614232837+9.287294838393076e-16j)
(505.406913437886+7.664973460411073e-16j)
(505.4024855811579+6.145730813038555e-16j)
(505.39788180535936+8.837411897553191e-16j)
(505.39310620458883+6.4592274294223005e-16j)
(505.388163010755+3.211766509946421e-16j)
(505.38305658941744+7.271458617749681e-16j)
(505.37779143549875+4.0837567395310494e-16j)
(505.3723721688667+5.360736526337279e-16j)
(505.36680352980153+6.620884520569139e-16j)
(505.36109037434227+4.3128374915631695e-16j)
(505.35523766952144+4.899404320932809e-16j)
(505.34925048849374+8.310310757770763e-16j)
(505.34313400555834+3.687609790375929e-16j)
(505.33689349108823+4.537024554165185e-16j)
(505.3305343063594+4.0920460729256703e-16j)
(505.3240618982971+5.061482691727059e-16j)
(505.3174817941353+2.6779707442795334e-16j)
(505.3107995960021+1.0266005900195222e-15j)
(505.3040209754251+7.441321169036625e-16j)
(505.29715166777623+5.112264834346081e-16j)
(505.29019746664954+8.617317549713617e-16j)
(505.28316421818505+6.920821024212077e-16j)
(505.2760578153379+8.264652234594461e-16j)
(505.2688841921049+4.635423051620366e-16j)
(505.26164931770796+5.093363875918259e-16j)
(505.2543591907446+4.3187394935564183e-16j)
(505.24701983331+6.480594769630559e-16j)
(505.2396372850904+7.565942811155763e-16j)
(505.2322175974484+4.504965941946024e-16j)
(505.22476682748623+6.306491420718336e-16j)
(505.2172910321099+1.8464148032616697e-16j)
(505.2097962620903+4.3161440611794717e-16j)
(505.2022885561281+5.945475653556345e-16j)
(505.19477393493435+6.897430990179886e-16j)
(505.1872583953228+4.2284881639776984e-16j)
(505.1797479043273+8.142727097748168e-16j)
(505.17224839334983+7.882096008086305e-16j)
(505.16476575233673-4.638529832952744e-17j)
(505.1573058240012+5.920566380299317e-16j)
(505.14987439808516+1.231607327566682e-16j)
(505.14247720567744+5.424143778143389e-16j)
(505.1351199135835+1.9103905043917996e-16j)
(505.1278081187614+4.491327913145371e-16j)
(505.12054734282185+7.170626245113749e-16j)
(505.11334302660276+7.7589390586886e-16j)
(505.10620052482153+6.413346791227533e-16j)
(505.09912510080966+4.772325903166264e-16j)
(505.09212192133873+8.495608851648639e-16j)
(505.08519605153396+4.2008526343962056e-16j)
(505.07835244989343+6.082670052342207e-16j)
(505.071595963405+7.629898025665256e-16j)
(505.06493132277353+5.186246582384902e-16j)
(505.058363137762+6.421989226218623e-16j)
(505.0518958926465+1.2414855357374542e-15j)
(505.04553394179624+1.0630604234071958e-15j)
(505.0392815053794+6.215953652345423e-16j)
(505.0331426651967+1.4082613875888236e-15j)
(505.02712136065026+4.92409521487491e-16j)
(505.0212213848544+9.716081885547376e-16j)
(505.0154463808839+9.498191610974549e-16j)
(505.00979983816876+8.034270918386516e-16j)
(505.0042850890431+5.533711550643546e-16j)
(504.99890530543854+1.0389257480596381e-15j)
(504.99366349574126+7.011887359436066e-16j)
(504.98856250180603+6.292750921626409e-16j)
(504.9836049961275+9.546598399338978e-16j)
(504.9787934791836+9.170276457987886e-16j)
(504.97413027694205+1.2126090160961544e-15j)
(504.9696175385376+5.404893035920806e-16j)
(504.9652572341218+8.253410391353175e-16j)
(504.9610511528859+5.124552687822902e-16j)
(504.95700090126223+7.857995019747968e-16j)
(504.9531079013027+8.645674000041979e-16j)
(504.94937338923484+5.272776717745181e-16j)
(504.9457984142032+8.797627191717085e-16j)
(504.9423838371876+5.218988345445274e-16j)
(504.93913033011097+9.21821100395068e-16j)
(504.93603837512654+5.331874713759235e-16j)
(504.93310826409225+6.040197555057689e-16j)
(504.93034009823054+8.573849492188427e-16j)
(504.92773378797324+3.264276083772895e-16j)
(504.9252890529944+4.2400293297666526e-16j)
(504.92300542242725+4.132812151748198e-16j)
(504.92088223526696+6.12160004862743e-16j)
(504.9189186409609+6.343201384145466e-16j)
(504.91711360018246+8.011076903394386e-16j)
(504.9154658857882+5.455663054727359e-16j)
(504.9139740839603+5.8815642108572e-16j)
(504.91263659552914+7.235458142723587e-16j)
(504.91145163747893+1.0317441294693434e-15j)
(504.9104172446302+1.0443139605571591e-15j)
(504.90953127150317+9.05381451608844e-16j)
(504.9087913943523+9.237902982314736e-16j)
(504.9081951133818+8.518374247167552e-16j)
(504.9077397551256+7.376065166782417e-16j)
(504.9074224750024+7.704873881897745e-16j)
(504.9072402600339+5.691804805809247e-16j)
(504.90718993173067+6.105885423184708e-16j)
(504.90726814913654+1.0121345596941473e-15j)
(504.9074714120327+8.135336661073242e-16j)
(504.90779606429936+6.274981242660675e-16j)
(504.90823829742544+8.771562609587897e-16j)
(504.90879415416975+8.877806685747959e-16j)
(504.9094595323673+5.0532550568856295e-16j)
(504.91023018887506+8.021861751293572e-16j)
(504.91110174365764+6.203103996822168e-16j)
(504.91206968400417+5.888910793870239e-16j)
(504.91312936887743+6.92911386371424e-16j)
(504.9142760333839+5.01853520281878e-16j)
(504.9155047933687+7.374545836276725e-16j)
(504.91681065012494+8.322608879594328e-16j)
(504.9181884952149+5.0558809266899e-16j)
(504.9196331153964+6.308651068482458e-16j)
(504.92113919765507+5.083487636230991e-16j)
(504.92270133433044+8.017938372047733e-16j)
(504.9243140283349+3.514227742653961e-16j)
(504.9259716984605+9.953335041087e-16j)
(504.9276686847678+9.035834526155965e-16j)
(504.9293992540463+7.420406206712847e-16j)
(504.9311576053569+8.278096334270843e-16j)
(504.9329378756263+8.352357340304178e-16j)
(504.93473414531337+9.484406375430633e-16j)
(504.9365404441233+6.438332589645407e-16j)
(504.938350756773+8.377453640304647e-16j)
(504.94015902879914+4.799112869076932e-16j)
(504.94195917240626+5.677136452422487e-16j)
(504.94374507234306+7.308366583414659e-16j)
(504.9455105918088+4.984889860516633e-16j)
(504.94724957837576+6.823449734644362e-16j)
(504.94895586993096+3.297409404941292e-16j)
(504.95062330062353+6.613985570943075e-16j)
(504.9522457068164+6.567457642547865e-16j)
(504.9538169330324+7.899112512499494e-16j)
(504.9553308378979+5.390145873781744e-16j)
(504.95678130006377+7.795667703833599e-16j)
(504.9581622241124+7.748168883755589e-16j)
(504.9594675464368+2.396978188308833e-16j)
(504.9606912410853+6.896272455269547e-16j)
(504.96182732557105+3.1390955366998553e-16j)
(504.9628698666407+6.428923122388079e-16j)
(504.9638129859874+3.064963424294275e-16j)
(504.96465086591445+6.523126112829139e-16j)
(504.9653777549392+6.479034654510007e-16j)
(504.9659879733279+7.392991048017104e-16j)
(504.9664759185617+6.961365824879127e-16j)
(504.9668360707269+5.384309510509674e-16j)
(504.9670629978234+8.7879468776191895e-16j)
(504.96715136098334+5.729218310550637e-16j)
(504.9670959196031+6.7903239283367315e-16j)
(504.9668915363742+7.814418801976082e-16j)
(504.96653318221485+6.469031443707249e-16j)
(504.9660159410935+4.978466776601931e-16j)
(504.9653350147424+1.1024587654237248e-15j)
(504.96448572725393+9.37571503800928e-16j)
(504.9634635295578+7.240001542152777e-16j)
(504.9622640037731+1.2573774388701567e-15j)
(504.9608828674307+6.2246185983924565e-16j)
(504.959315977565+9.00604397712359e-16j)
(504.95755933466614+8.046718609550101e-16j)
(504.95560908649145+8.138648922571167e-16j)
(504.9534615317349+5.516505174188325e-16j)
(504.95111312354663+9.327230601202973e-16j)
(504.94856047290114+6.375140928741356e-16j)
(504.9458003518108+6.178548106810299e-16j)
(504.9428296963828+9.91218945695108e-16j)
(504.93964560971347+1.0051080275611322e-15j)
(504.93624536462033+1.0892381058815024e-15j)
(504.9326264062082+4.746581546600739e-16j)
(504.92878635426644+8.973235525902906e-16j)
(504.92472300549446+4.74333591098499e-16j)
(504.9204343355565+8.575939293136941e-16j)
(504.9159185009582+8.816255886998491e-16j)
(504.91117384075187+6.168342847326976e-16j)
(504.90619887805605+8.317472920742608e-16j)
(504.9009923214021+5.350003356186647e-16j)
(504.89555306589784+8.684102078906542e-16j)
(504.8898801942069+5.638775038076833e-16j)
(504.8839729773483+5.888351752793878e-16j)
(504.87783087531153+6.340407846755663e-16j)
(504.87145353748707+2.589359952231829e-16j)
(504.86484080291336+2.093300150675927e-16j)
(504.85799270033857+4.652046235928674e-16j)
(504.8509094480982+5.156064375406821e-16j)
(504.8435914538102+7.288757080214108e-16j)
(504.8360393138812+5.947082440532323e-16j)
(504.82825381283766+5.27655179532594e-16j)
(504.82023592246526+5.013359796795064e-16j)
(504.81198680077415+4.818212628658645e-16j)
(504.8035077907801+9.064204694761604e-16j)
(504.7948004191086+8.867822683908373e-16j)
(504.7858663944179+8.343198952987451e-16j)
(504.7767076056507+9.73054237791596e-16j)
(504.76732612010903+8.89623522952413e-16j)
(504.75772418135637+5.298532293824531e-16j)
(504.7479042069512+6.379065245155092e-16j)
(504.73786878601504+5.097306487862285e-16j)
(504.72762067662876+5.09193597843974e-16j)
(504.7171628030746+9.325850700894834e-16j)
(504.7064982529131+7.540952938885253e-16j)
(504.6956302739045+4.3265522689262205e-16j)
(504.684562270778+7.397778822217702e-16j)
(504.67329780185156+1.0189063198743316e-15j)
(504.66184057549964+3.706830699139595e-16j)
(504.6501944464845+6.622120419610135e-16j)
(504.63836341214557+5.432421933997098e-16j)
(504.62635160845076+4.00809049298983e-16j)
(504.6141633059191+5.35505932444104e-16j)
(504.6018029054166+3.847112153410767e-16j)
(504.5892749338242+6.90444531388865e-16j)
(504.57658403959374+6.155782879124823e-16j)
(504.56373498818226+4.915772944234615e-16j)
(504.5507326573836+4.228746555402231e-16j)
(504.53758203254904+2.7412966709231377e-16j)
(504.5242882017107+6.362537707611883e-16j)
(504.5108563506091+1.8526028401028941e-16j)
(504.49729175763196+7.750284942911121e-16j)
(504.48359978866085+7.580279636398039e-16j)
(504.4697858918499+7.010854394441485e-16j)
(504.4558555923173+6.285890970123448e-16j)
(504.44181448677386+7.696931757731059e-16j)
(504.4276682380873+7.536010822005449e-16j)
(504.41342256978453+4.628620032941176e-16j)
(504.3990832605052+7.96339460515249e-16j)
(504.3846561384007+2.6726162013334977e-16j)
(504.3701470755017+3.7293619959678553e-16j)
(504.35556198203557+5.435531444120733e-16j)
(504.34090680072643+4.38293532100425e-16j)
(504.3261875010608+5.073403859206124e-16j)
(504.311410073537+3.6321013662718114e-16j)
(504.2965805239015+5.463707015438409e-16j)
(504.2817048673779+5.02755201526695e-16j)
(504.26678912288895+6.249974954998475e-16j)
(504.25183930729037+4.588070282183348e-16j)
(504.23686142960577+5.319898311237306e-16j)
(504.2218614852817+5.842211248220107e-16j)
(504.2068454504611+2.580476844121983e-16j)
(504.19181927628654+5.759276607089693e-16j)
(504.1767888832301+4.1359920237569973e-16j)
(504.1617601554656+5.06469136766157e-16j)
(504.1467389352831+1.9803868507935633e-16j)
(504.13173101755143+5.956007985560125e-16j)
(504.11674214423317+3.3687756782792036e-16j)
(504.10177799896786+5.452056887861703e-16j)
(504.08684420170886+5.520124293830752e-16j)
(504.0719463034369+4.429783937981455e-16j)
(504.05708978095294+6.6993659201320125e-16j)
(504.0422800317433+5.117872436247605e-16j)
(504.027522368938+5.298832959360101e-16j)
(504.012822016356+6.096565570736781e-16j)
(503.9981841036483+5.64103678378471e-16j)
(503.98361366154313+1.3604344190409202e-16j)
(503.9691156171911+7.698767722282721e-16j)
(503.95469478962735+5.912206216667672e-16j)
(503.94035588534274+5.940206500082413e-16j)
(503.92610349397705+8.480393614778368e-16j)
(503.91194208413447+5.191301468380237e-16j)
(503.8978759993247+5.856556477103354e-16j)
(503.8839094540396+5.674659624249347e-16j)
(503.8700465299587+5.63749230079995e-16j)
(503.8562911723003+4.726233301096308e-16j)
(503.8426471863095+7.41068113389373e-16j)
(503.8291182338964+4.536730511980618e-16j)
(503.8157078304202+5.071044788521126e-16j)
(503.8024193416274+8.749282942676415e-16j)
(503.78925598074596+8.919731200138524e-16j)
(503.7762208057363+7.98509719989911e-16j)
(503.7633167167037+2.729489744454531e-16j)
(503.750546453476+6.269242787606764e-16j)
(503.73791259334274+4.220951911981003e-16j)
(503.72541754896866+8.998288952252857e-16j)
(503.71306356647085+8.600283649568896e-16j)
(503.70085272367373+6.455068116105072e-16j)
(503.6887869285336+7.794968456663541e-16j)
(503.676867917739+5.046784369841216e-16j)
(503.6650972554917+7.176256225196926e-16j)
(503.6534763324601+6.394662640090725e-16j)
(503.64200636491296+3.754475372087539e-16j)
(503.6306883940362+4.1492757486961407e-16j)
(503.6195232854259+2.4490965071438966e-16j)
(503.608511728763-2.0367116890084432e-17j)
(503.5976542376715+4.308243349779144e-16j)
(503.5869511497539+4.403433134064936e-16j)
(503.5764026268118+6.499918075416813e-16j)
(503.5660086552448+4.074125497895842e-16j)
(503.5557690466288+6.557886792410703e-16j)
(503.545683438481+2.4854440987434554e-16j)
(503.5357512951922+2.44722518666279e-16j)
(503.52597190914946+7.567428851820604e-16j)
(503.51634440202844+6.239464555687613e-16j)
(503.50686772626307+7.759620191306101e-16j)
(503.49754066669095+8.974924394317918e-16j)
(503.48836184237007+8.507117792465142e-16j)
(503.4793297085653+4.2862188830702286e-16j)
(503.4704425589077+5.91591827578426e-16j)
(503.46169852771493+3.818013118946131e-16j)
(503.45309559248153+4.624082931842229e-16j)
(503.4446315765273+8.826286655131803e-16j)
(503.43630415180445+6.692156225844442e-16j)
(503.4281108418676+5.32602716069099e-16j)
(503.42004902498803+7.384985545135751e-16j)
(503.4121159374254+1.0246353808024248e-15j)
(503.4043086768449+3.1275486574607567e-16j)
(503.39662420587365+7.574701159251028e-16j)
(503.3890593558081+3.943860793357294e-16j)
(503.3816108304441+4.0528475174836473e-16j)
(503.37427521005225+5.6837815537366755e-16j)
(503.3670489554739+3.8317649922335257e-16j)
(503.3599284123464+7.102906896701455e-16j)
(503.3529098154469+5.527206511363349e-16j)
(503.34598929315246+5.641228021966444e-16j)
(503.33916287201384+4.493428833209745e-16j)
(503.33242648143545+2.306052016551979e-16j)
(503.3257759584563+3.8378158682728043e-16j)
(503.319207052634+9.808537065557688e-17j)
(503.3127154310153+6.443148223961054e-16j)
(503.30629668320057+5.771148428440311e-16j)
(503.2999463264877+7.498946743041001e-16j)
(503.293659811098+4.964358921913723e-16j)
(503.2874325254704+6.111223292069053e-16j)
(503.2812598016271+5.795893654899495e-16j)
(503.27513692059955+2.9412468477442264e-16j)
(503.26905911791346+5.813180452360893e-16j)
(503.26302158912335+3.926112316126245e-16j)
(503.2570194953941+4.709735927858476e-16j)
(503.25104796912274+4.719165761219632e-16j)
(503.2451021195981+5.69078758016753e-16j)
(503.23917703868307+5.606898357206946e-16j)
(503.23326780652974+4.788646976439761e-16j)
(503.2273694973043+5.920997805670471e-16j)
(503.2214771849302+5.546445043585866e-16j)
(503.2155859488345+4.090404592896435e-16j)
(503.2096908796982+6.561961937300269e-16j)
(503.2037870851979+5.365948752074795e-16j)
(503.19786969574244+4.921366999710608e-16j)
(503.1919338701873+3.849407142295034e-16j)
(503.18597480153414+5.197635110137641e-16j)
(503.17998772259574+4.643724943042233e-16j)
(503.1739679116328+6.305243019933884e-16j)
(503.1679106979509+2.3919439880997985e-16j)
(503.16181146745174+4.4102865260075547e-16j)
(503.155665668138+2.9052896572914936e-16j)
(503.14946881555613+4.050291206200165e-16j)
(503.14321649818834+4.343874148369698e-16j)
(503.1369043827679+4.920915267764053e-16j)
(503.13052821953147+6.187842522347177e-16j)
(503.1240838473899+4.629529691801793e-16j)
(503.1175671990173+5.69578407602992e-16j)
(503.1109743058566+4.70979104910405e-16j)
(503.1043013030294+3.9378011893115573e-16j)
(503.09754443414937+9.248903229815056e-17j)
(503.0907000560353+6.0368928548377495e-16j)
(503.0837646433189+3.6666455514047536e-16j)
(503.0767347929335+6.437261109684639e-16j)
(503.06960722849954+6.037347803126223e-16j)
(503.06237880457786+3.902341659384932e-16j)
(503.0550465108051+5.562144930600628e-16j)
(503.04760747589955+3.8118726767395397e-16j)
(503.04005897153155+3.1836915758342163e-16j)
(503.0323984160598+4.60991141562866e-16j)
(503.0246233781251+6.588239166453849e-16j)
(503.01673158010027+3.893183351112091e-16j)
(503.008720901393+5.693519368388344e-16j)
(503.00058938159606+8.565765529622003e-16j)
(502.992335223483+8.565054325833376e-16j)
(502.9839567958459+6.323600777161663e-16j)
(502.9754526361742+1.9244136991000327e-16j)
(502.9668214531659+2.6696316970252526e-16j)
(502.95806212907684+5.053570481954538e-16j)
(502.9491737218988+8.646128990782654e-16j)
(502.94015546736506+9.187992442178324e-16j)
(502.93100678078554+8.091707204227707e-16j)
(502.9217272587046+8.068297997270543e-16j)
(502.9123166803817+5.169123829036652e-16j)
(502.902775009093+6.936273587445362e-16j)
(502.8931023932521+6.336788688513393e-16j)
(502.8832991673508+4.389523917201678e-17j)
(502.873365852713+3.7784804444520135e-16j)
(502.86330315806845+3.0776623660521485e-16j)
(502.85311197993633-5.891466233055999e-17j)
(502.8427934028307+6.636386572967767e-16j)
(502.8323486992717+5.439749553002026e-16j)
(502.8217793296152+6.614525577081736e-16j)
(502.811086941696+3.6902976250636517e-16j)
(502.8002733702794+6.562772124037237e-16j)
(502.78934063633335+2.185138554862789e-17j)
(502.77829094610894+3.3228665290205073e-16j)
(502.76712669004+6.604594044732678e-16j)
(502.7558504414531+4.297594155363768e-16j)
(502.74446495509727+8.95796041414439e-16j)
(502.73297316549196+1.0124463300224017e-15j)
(502.72137818509026+8.931176880037532e-16j)
(502.7096833022634+4.762075269938287e-16j)
(502.6978919791091+5.570737682262417e-16j)
(502.6860078490807+2.7104259198476466e-16j)
(502.6740347144425+5.847787866859397e-16j)
(502.66197654355454+7.665214045110242e-16j)
(502.6498374679822+7.369536896134626e-16j)
(502.6376217794462+7.317124495211395e-16j)
(502.6253339265987+7.466915442822734e-16j)
(502.61297851164437+1.0641506029385272e-15j)
(502.6005602867957+3.7235617888661325e-16j)
(502.58808415057945+7.114343173214738e-16j)
(502.5755551439824+2.3200968067341156e-16j)
(502.5629784464524+4.078254947127337e-16j)
(502.5503593717517+6.063974473652593e-16j)
(502.53770336366796+4.2531603190585664e-16j)
(502.52501599158586+7.873879909503849e-16j)
(502.51230294592546+4.759774744051719e-16j)
(502.49957003344883+6.252799005425427e-16j)
(502.4868231724404+4.656836024648836e-16j)
(502.47406838776317+1.5204029915857712e-16j)
(502.4613118058038+1.9391014810560292e-16j)
(502.44855964929405+2.055232440306625e-16j)
(502.43581823203436+6.730297050203469e-16j)
(502.4230939535064+5.826483398528429e-16j)
(502.4103932933889+8.724688285023764e-16j)
(502.3977228059823+4.270813797835422e-16j)
(502.3850891145375+5.574638463573908e-16j)
(502.3724989055111+5.555240308533788e-16j)
(502.35995892273286+1.309784249610564e-16j)
(502.34747596150385+5.531999086436777e-16j)
(502.3350568626281+6.042401885355401e-16j)
(502.32270850637957+4.559950220218451e-16j)
(502.310437806414+5.592944632557835e-16j)
(502.2982517036266+8.310938444037567e-16j)
(502.2861571599702+6.251551945238538e-16j)
(502.27416115222525+7.211642755848512e-16j)
(502.262270665743+7.037700086358719e-16j)
(502.2504926881555+5.935675842792771e-16j)
(502.23883420306595+5.687539363794465e-16j)
(502.2273021837197+8.01548021961793e-16j)
(502.2159035866657+5.410714354526388e-16j)
(502.20464534541225+5.557076306273903e-16j)
(502.1935343640848+5.478398742347908e-16j)
(502.18257751108837+3.8633497041526713e-16j)
(502.1717816127838+6.7462870645928225e-16j)
(502.1611534471808+7.901293724733896e-16j)
(502.1506997376565+1.68601977298028e-16j)
(502.1404271467056+4.86576618224258e-16j)
(502.1303422697222+3.121078929736148e-16j)
(502.12045162882504+3.7686964034197363e-16j)
(502.11076166673286+5.136769550732046e-16j)
(502.1012787406886+5.96759734585877e-16j)
(502.0920091164446+5.659458917842409e-16j)
(502.0829589623119+6.279453691850274e-16j)
(502.0741343432802+7.072101228264339e-16j)
(502.0655412152094+3.6089212217760393e-16j)
(502.05718541910846+4.464145563576135e-16j)
(502.0490726754946+3.2088370399115485e-16j)
(502.0412085788477+5.085527458698501e-16j)
(502.03359859215874+3.3365410886700223e-16j)
(502.02624804158353+7.438395464686843e-16j)
(502.0191621111997+4.626596985865063e-16j)
(502.0123458378771+4.726577545814299e-16j)
(502.00580410626605+6.562757769651865e-16j)
(501.9995416439067+2.1576320935695635e-16j)
(501.99356301645986+4.119192273791738e-16j)
(501.987872623079+4.85798415412051e-16j)
(501.9824746919034+6.479127847300756e-16j)
(501.9773732757042+4.67864599650942e-16j)
(501.97257224766264+7.325411319900257e-16j)
(501.9680752973045+9.20937279691256e-16j)
(501.96388592658053+9.777136965224059e-16j)
(501.9600074461026+7.126294695587159e-16j)
(501.95644297154297+2.0173312895496364e-16j)
(501.95319542019007+3.0046400360562724e-16j)
(501.9502675076725+6.855091875633498e-16j)
(501.94766174485454+9.590500812931117e-16j)
(501.9453804348974+1.104132349438884e-15j)
(501.94342567050006+1.0180826791170101e-15j)
(501.94179933131596+7.981105002200754e-16j)
(501.9405030815504+8.32097537289714e-16j)
(501.93953836773755+8.854752080647563e-16j)
(501.9389064167058+7.055570440482471e-16j)
(501.93860823372825+2.275831958013299e-16j)
(501.93864460085894+5.374083727911406e-16j)
(501.9390160754645+3.1980908824101534e-16j)
(501.93972298894437+1.0962194432923812e-16j)
(501.9407654456438+7.747673264423018e-16j)
(501.942143321962+5.847042441909323e-16j)
(501.94385626565736+9.668946137288642e-16j)
(501.94590369534524+5.437067756926069e-16j)
(501.94828480019476+6.265585280802973e-16j)
(501.95099853982396+2.1921967565476917e-16j)
(501.95404364438923+4.618347418423948e-16j)
(501.9574186148761+6.249557161165673e-16j)
(501.96112172358414+5.167982244769756e-16j)
(501.965151014812+1.0825580606916174e-15j)
(501.9695043057379+1.0600468447590329e-15j)
(501.9741791874972+1.134211147591315e-15j)
(501.97917302645385+8.043972133399324e-16j)
(501.9844829656684+7.046428872478613e-16j)
(501.99010592655833+5.507284326829144e-16j)
(501.99603861074996+8.026222973670316e-16j)
(502.0022775021221+6.646473082396467e-16j)
(502.0088188690365+7.925348756981806e-16j)
(502.0156587667582+9.248655222790464e-16j)
(502.02279304005685+6.694004386241019e-16j)
(502.03021732599575+1.1424568268676704e-15j)
(502.0379270568945+5.756354729807226e-16j)
(502.0459174634766+7.788662711464521e-16j)
(502.0541835781872+3.7900211947216504e-16j)
(502.0627202386839+5.603207397113355e-16j)
(502.0715220914978+6.508759873703523e-16j)
(502.0805835958615+4.888863130829339e-16j)
(502.08989902769486+9.262352004009302e-16j)
(502.09946248375604+4.084578172564201e-16j)
(502.1092678859439+8.128535643374447e-16j)
(502.11930898575264+6.919418208916459e-16j)
(502.1295793688764+3.061308627138966e-16j)
(502.14007245995464+4.0837397810570795e-16j)
(502.15078152745826+4.1030266811996686e-16j)
(502.16169968871213+6.477899790268781e-16j)
(502.172819915046+6.359018092436778e-16j)
(502.1841350370723+9.510649048768985e-16j)
(502.1956377500865+2.9822280595658967e-16j)
(502.2073206195842+6.503401285903294e-16j)
(502.21917608688636+7.283866811367627e-16j)
(502.23119647487584+1.7158539886197199e-16j)
(502.24337399383256+6.13007905460359e-16j)
(502.25570074736726+9.014030989214414e-16j)
(502.2681687384435+4.667068473954149e-16j)
(502.2807698754872+6.10928399629164e-16j)
(502.29349597857646+8.852630860951346e-16j)
(502.30633878570524+6.134060433664558e-16j)
(502.31928995911585+9.869741702461303e-16j)
(502.3323410916974+9.191842193398671e-16j)
(502.345483713436+5.881777959351826e-16j)
(502.3587092979232+7.19226580673257e-16j)
(502.3720092689082+7.840161134129557e-16j)
(502.3853750068882+5.801653733312942e-16j)
(502.3987978557343+7.012305136860751e-16j)
(502.4122691293465+6.824021458972668e-16j)
(502.4257801183304+2.298089400091907e-16j)
(502.43932209668833+9.466221960202304e-16j)
(502.4528863285243+8.659935941150569e-16j)
(502.4664640747489+1.6444882410612096e-16j)
(502.4800465997857+5.29422736758456e-16j)
(502.49362517826887+3.0454470873903435e-16j)
(502.5071911017252+3.5810623220480697e-16j)
(502.5207356852394+5.532335921494927e-16j)
(502.53425027409077+6.32479907031535e-16j)
(502.54772625035775+3.832267997397631e-16j)
(502.5611550394873+8.71611421729533e-16j)
(502.5745281168191+8.331285180112995e-16j)
(502.5878370140597+2.6937764379817296e-16j)
(502.60107332570107+5.18630094341918e-16j)
(502.61422871537854+5.220396104634008e-16j)
(502.6272949221645+4.135521591861941e-16j)
(502.6402637667833+2.395956763709422e-16j)
(502.65312715775394+7.503398978562909e-16j)
(502.66587709744755+1.9154449209867074e-16j)
(502.67850568805267+5.990175581396191e-16j)
(502.69100513745155+6.246392672858219e-16j)
(502.70336776499227-1.786952300505946e-17j)
(502.7155860071583+3.774388421895843e-16j)
(502.72765242312823+4.2656808237191443e-16j)
(502.7395597002192+5.10200621456562e-16j)
(502.7513006592128+5.099118778622137e-16j)
(502.76286825955395+6.932205196791536e-16j)
(502.7742556044245+7.505324379019461e-16j)
(502.78545594567794+1.123683154234069e-15j)
(502.7964626886417+7.133974176571793e-16j)
(502.80726939677425+1.2890845243219234e-16j)
(502.8178697961764+3.6141031467166256e-16j)
(502.8282577799521+5.978991570869192e-16j)
(502.8384274124151+7.764627909247607e-16j)
(502.84837293314143+1.0548789658920462e-15j)
(502.8580887608526+8.937077712350983e-16j)
(502.86756949714317+5.713777241827985e-16j)
(502.87680993003323+1.0318095227258607e-15j)
(502.8858050373544+8.072375727154445e-16j)
(502.89454998995933+5.45716890647228e-16j)
(502.9030401547568+2.5831314815401724e-16j)
(502.91127109756366+4.488566129804988e-16j)
(502.9192385857808+1.4834520423794593e-16j)
(502.92693859087876+6.65081345214814e-17j)
(502.93436729070396+7.155336568843014e-16j)
(502.9415210715897+3.4082811747336283e-16j)
(502.94839653028487+1.1805624585228023e-15j)
(502.95499047568643+4.083196759693591e-16j)
(502.9612999303814+3.8893446433035927e-16j)
(502.96732213199414+2.4066925953259376e-16j)
(502.97305453434035+2.5280411581581454e-16j)
(502.9784948083847+3.405265607122344e-16j)
(502.98364084300056+4.4252628456799693e-16j)
(502.9884907455388+8.761281406143927e-16j)
(502.99304284219045+8.08024580587106e-16j)
(502.99729567816263+1.1433454234032889e-15j)
(503.0012480176498+7.164031040682936e-16j)
(503.0048988436132+4.4127468139867845e-16j)
(503.0082473573618+5.250999736465693e-16j)
(503.01129297793915+7.784009959263145e-16j)
(503.0140353413135+4.816057795763044e-16j)
(503.0164742993791+6.847563807967454e-16j)
(503.0186099187591+7.934170455902478e-16j)
(503.02044247942393+3.828935590483391e-16j)
(503.0219724731149+1.1817190665561587e-15j)
(503.02320060158206+5.554225622984326e-16j)
(503.0241277746402+5.119355340229202e-16j)
(503.02475510803544+4.1411037047215423e-16j)
(503.02508392113293+3.9431637417931105e-16j)
(503.0251157344286+4.019540523741792e-16j)
(503.024852266881+4.0240106917060904e-16j)
(503.02429543307005+7.479193720143362e-16j)
(503.02344734018885+4.9503463120670875e-17j)
(503.02231028486386+8.604462012610813e-16j)
(503.02088674981417+5.661866574852988e-16j)
(503.01917940034855+9.953549515450317e-17j)
(503.0171910807063+4.197707319904623e-16j)
(503.01492481024343+3.5197753268927677e-16j)
(503.0123837794716+4.790116524643614e-16j)
(503.0095713459509+5.688888126097002e-16j)
(503.00649103003803+8.108532238284076e-16j)
(503.0031465105042-3.73966229115427e-17j)
(502.99954162001353+6.967769346841419e-16j)
(502.9956803404769+6.550934344308021e-16j)
(502.99156679828246-8.83522617035876e-17j)
(502.9872052594065+4.970011041418173e-16j)
(502.98260012441+8.129330634460116e-16j)
(502.9777559233278+2.477696070731261e-16j)
(502.97267731045184+5.262953129620171e-16j)
(502.9673690590188+6.833939067482381e-16j)
(502.9618360558024+4.422039103272051e-16j)
(502.95608329561713+1.1575494690777983e-15j)
(502.9501158757396+8.585523773122627e-16j)
(502.94393899025584+2.1761055292324557e-16j)
(502.9375579243339+6.655710030963565e-16j)
(502.93097804842927+4.130386572605638e-16j)
(502.92420481243545+3.6706648786320883e-16j)
(502.9172437397745+6.834190059971006e-16j)
(502.91010042144467+5.675169998722262e-16j)
(502.9027805100177-6.756940320540777e-17j)
(502.8952897136069+1.0723021642101582e-15j)
(502.88763378980025+6.621643904805629e-16j)
(502.87981853956876-1.341440312566418e-16j)
(502.8718498011564+4.464511585120421e-16j)
(502.8637334439569+8.939352547608777e-17j)
(502.8554753623833+1.9147369267389934e-16j)
(502.8470814697364+5.114672425529222e-16j)
(502.8385576920775+5.10847588379587e-16j)
(502.82990996211356+6.406892145288375e-17j)
(502.82114421309666+1.0256126433959364e-15j)
(502.8122663727491+7.830513359211852e-16j)
(502.80328235721447+8.738194651114444e-17j)
(502.79419806504467+5.8693454728293755e-16j)
(502.7850193712261+3.8928787144691334e-16j)
(502.7757521212547+1.5753286659148403e-16j)
(502.7664021252598+7.710443540810076e-18j)
(502.75697515218565+5.454410725143962e-16j)
(502.7474769240395-2.5822969487190167e-16j)
(502.737913110203+6.548999027382406e-16j)
(502.72828932182483+4.602110985872201e-16j)
(502.7186111062852-3.175157991237498e-16j)
(502.708883941752+3.466949191569154e-16j)
(502.69911323182333+2.9786870413327397e-16j)
(502.6893043002662+3.4871048718671445e-16j)
(502.6794623858569+5.137349241185095e-16j)
(502.6695926373247+6.196274624710518e-16j)
(502.659700108409+5.376667421201211e-16j)
(502.6497897530266+1.2494940773287018e-15j)
(502.6398664205643+6.709795225952501e-16j)
(502.62993485129124+1.0850177217286723e-17j)
(502.6199996719014+4.885752516913179e-16j)
(502.6100653911887+4.882451618072415e-16j)
(502.60013639586+5.976625153875151e-16j)
(502.59021694648544+1.032000166537768e-15j)
(502.5803111735998+7.846796687893704e-16j)
(502.5704230739444+4.505541587958269e-16j)
(502.56055650686613+1.1851962570450516e-15j)
(502.5507151908727+7.663742807189985e-16j)
(502.5409027003404+5.02091026694624e-16j)
(502.5311224623892+4.633843479341105e-16j)
(502.521377753921+2.4117541595448777e-16j)
(502.511671698823+6.745011016852291e-17j)
(502.50200726534257+1.0315883840811601e-16j)
(502.4923872636364+6.134777022210585e-16j)
(502.4828143434869+1.0304341675126857e-16j)
(502.4732909922063+1.365776700229624e-15j)
(502.4638195327095+3.6801549992396676e-16j)
(502.45440212176936+3.729010044666574e-16j)
(502.4450407484597+4.104413252993473e-16j)
(502.4357372327721+6.930904434340442e-17j)
(502.42649322442367+1.0020306880553701e-16j)
(502.41731020184733+4.4263432724873377e-16j)
(502.4081894713681+7.705233992124454e-16j)
(502.39913216656834+4.999893903876383e-16j)
(502.3901392478356+1.1180708629322095e-15j)
(502.38121150210276+7.299418301619803e-16j)
(502.3723495427707+3.2763551751951213e-16j)
(502.36355380982457+5.017785395863713e-16j)
(502.3548245701297+6.973936787080787e-16j)
(502.34616191791935+4.696584268030835e-16j)
(502.33756577546427+6.122174687648584e-16j)
(502.3290358939333+7.381911817328278e-16j)
(502.3205718544299+2.7239519546794423e-16j)
(502.31217306921684+1.254145473880812e-15j)
(502.3038387831214+6.504113316502414e-16j)
(502.2955680751181+4.676970631154834e-16j)
(502.2873598600907+6.267880214206846e-16j)
(502.27921289077074+3.194999911278466e-16j)
(502.2711257598499+2.5380678551516582e-16j)
(502.2630969022612+4.596094220731914e-16j)
(502.2551245976328+6.445517687660154e-16j)
(502.2472069729074-1.1015350923997858e-16j)
(502.2393420051226+9.619972267985508e-16j)
(502.23152752435686+5.190200450079793e-16j)
(502.223761216828+9.679195308028393e-17j)
(502.21604062814947+4.939163379506461e-16j)
(502.2083631667376+3.304684254353708e-16j)
(502.2007261073628+3.627806301223716e-16j)
(502.1931265948493+5.399859549341593e-16j)
(502.1855616479104+6.902253930130778e-16j)
(502.178028163122-2.0758019367089705e-16j)
(502.17052291902775+7.788963750364661e-16j)
(502.16304258037087+5.585318538992994e-16j)
(502.155583702449-2.0558643912079744e-16j)
(502.14814273558903+5.231104063547834e-16j)
(502.14071602973274+8.591162846524836e-16j)
(502.1332998391378+3.398718874096913e-16j)
(502.12589032717455+5.595694475109658e-16j)
(502.118483571231+5.807539989214752e-16j)
(502.1110755677057+4.237433870949121e-16j)
(502.1036622370948+1.405314297182502e-15j)
(502.0962394291593+9.485898739175467e-16j)
(502.0888029281728+1.931136495887538e-16j)
(502.0813484582452+6.94139371040443e-16j)
(502.0738716887093+4.4001448249487537e-16j)
(502.0663682395745+4.4297429145405144e-16j)
(502.0588336870353+7.755708007579702e-16j)
(502.05126356903077+6.076311671264263e-16j)
(502.0436533908525-1.0278929607278267e-16j)
(502.03599863078887+1.1973701968807457e-15j)
(502.02829474580614+6.792111152220811e-16j)
(502.02053717725613-1.0297260874170563e-16j)
(502.01272135660963+4.344847682513209e-16j)
(502.00484271120297+4.177544829836106e-17j)
(501.9968966699967+5.900951830367271e-17j)
(501.98887866934194+5.350554218205223e-16j)
(501.9807841587429+4.3600648908424046e-16j)
(501.9726086066137-3.9744857487520134e-17j)
(501.9643475060225+1.1217122611012974e-15j)
(501.9559963804208+7.909496138319648e-16j)
(501.94755078934173+4.5949064411463156e-17j)
(501.9390063340758+6.2685360858588e-16j)
(501.9303586633066+2.1251005784147157e-16j)
(501.92160347870697+5.0742046535898844e-18j)
(501.9127365404874-5.964533137727788e-17j)
(501.9037536728929+4.2384648856488153e-16j)
(501.8946507696402-5.150748672264935e-16j)
(501.88542379929333+6.881085365815337e-16j)
(501.8760688105682+3.6948601830168073e-16j)
(501.8665819375642-4.1509774856442165e-16j)
(501.8569594049151+3.248362078182265e-16j)
(501.8471975328545+1.8881605304404608e-16j)
(501.837292742195+2.3308308166440936e-16j)
(501.8272415592053+6.033057941159207e-16j)
(501.8170406203943+5.130938861740824e-16j)
(501.8066866771867+4.087960592610866e-16j)
(501.7961766004886+1.3648161533385777e-15j)
(501.7855073851407+5.484643917360994e-16j)
(501.77467615425263-6.377239186866848e-17j)
(501.7636801634115+5.77864949483195e-16j)
(501.7525168047671+3.9205198268169303e-16j)
(501.7411836109829+4.565689365203194e-16j)
(501.7296782590514+9.75684879315012e-16j)
(501.7179985739715+7.028653586006147e-16j)
(501.70614253228416+4.2796192094018144e-16j)
(501.6941082654541+1.1208702886888668e-15j)
(501.6818940631138+6.073985075564084e-16j)
(501.6694983761406+4.487949112222499e-16j)
(501.6569198195876+3.98466206601783e-16j)
(501.64415717544955-8.671227750572758e-18j)
(501.6312093952689+5.0442856874861644e-17j)
(501.61807560257466+1.9751595521396017e-16j)
(501.60475509515675+5.638216943241205e-16j)
(501.5912473471677+5.485463169654004e-17j)
(501.5775520110541+1.3970347641302153e-15j)
(501.56366891931367+2.9916389783945355e-16j)
(501.5495980860769+3.319654845567635e-16j)
(501.5353397085119+4.395565339924493e-16j)
(501.52089416804733+1.579896055950377e-17j)
(501.50626203142025+9.255379271930672e-19j)
(501.49144405153805+4.3105180773835614e-16j)
(501.47644116816133+6.401600041068048e-16j)
(501.4612545084037+4.053119084197707e-16j)
(501.4458853870469+1.0724163478027278e-15j)
(501.4303353066713+5.32591727193566e-16j)
(501.4146059576056+2.733286333682943e-16j)
(501.3986992176911+3.25279047225976e-16j)
(501.3826171518617+5.549751074800709e-16j)
(501.3663620115384+4.2731074803664146e-16j)
(501.34993623384713+6.014582259763517e-16j)
(501.3333424406463+5.295778255768407e-16j)
(501.31658343738127+2.0313767015505752e-16j)
(501.29966221175073+1.3282825485857926e-15j)
(501.28258193220137+5.592395037460329e-16j)
(501.26534594623854+3.007571625615152e-16j)
(501.247957778566+6.840881218510189e-16j)
(501.2304211290487+1.1849086502432403e-16j)
(501.2127398705037+5.61805036042408e-17j)
(501.1949180463227+4.811107627425009e-16j)
(501.1769598679236+4.499405950987947e-16j)
(501.1588697120408-2.457891543735786e-16j)
(501.14065211784816+9.515795513632087e-16j)
(501.1223117839266+1.8246815677861936e-16j)
(501.1038535650698+1.6837097943373915e-17j)
(501.0852824689415+3.5221812049313256e-16j)
(501.06660365257557+2.31395694783872e-16j)
(501.0478224187352+2.6495648288603536e-16j)
(501.028944212123+5.261620617583008e-16j)
(501.00997461545376+5.200437762368648e-16j)
(500.9909193453906-2.586801450938986e-16j)
(500.97178424834726+7.33495540039761e-16j)
(500.95257529616396+3.2843179392227107e-16j)
(500.933298581656-3.467648763648672e-16j)
(500.9139603140455+4.579097793027362e-16j)
(500.8945668142774+6.923052199435936e-16j)
(500.875124510221+3.45121133059146e-16j)
(500.8556399317708+5.558453722822018e-16j)
(500.83611970583894+4.738050595756607e-16j)
(500.8165705512563+3.5898277604291796e-16j)
(500.7969992735807+1.5233700494389496e-15j)
(500.77741275981646+7.510301591363223e-16j)
(500.7578179730513+1.8767687529820396e-16j)
(500.7382219470215+7.267523307624839e-16j)
(500.7186317806012+4.1301374500460596e-16j)
(500.6990546322278+3.696991362176068e-16j)
(500.67949771426333+6.716674943950496e-16j)
(500.6599682873072+5.010006995457327e-16j)
(500.64047365445344-6.799201541564623e-17j)
(500.62102115550437+1.2116873086495238e-15j)
(500.60161816114817+5.847427862582982e-16j)
(500.5822720671023-8.115767363389986e-17j)
(500.5629902882265+3.690302145281099e-16j)
(500.54378025261997-8.7908136840275e-17j)
(500.52464939569654-3.630534127042112e-17j)
(500.505605154253+5.628623683243849e-16j)
(500.48665496053053+2.6460667846232036e-16j)
(500.4678062362783-4.448942736794291e-17j)
(500.44906638682426+1.0429570740480912e-15j)
(500.43044279515567+6.044298158199217e-16j)
(500.41194281601986-1.8273293820065554e-17j)
(500.39357377004745+5.337786864261881e-16j)
(500.37534293790526+2.5204481771178853e-17j)
(500.35725755448317-7.183787669856127e-17j)
(500.3393248031212-1.5144751492133773e-16j)
(500.3215518098851+2.1020087983011963e-16j)
(500.30394563788576-5.630595537993059e-16j)
(500.28651328166603+6.655395137217904e-16j)
(500.26926166163787+1.4568084129699955e-16j)
(500.25219761859563-4.2023045117774507e-16j)
(500.2353279082972+2.401629548754088e-16j)
(500.2186591961225-1.4456313048121955e-17j)
(500.2021980518151+1.1654559463191612e-16j)
(500.18595094431345+6.323798404857054e-16j)
(500.16992423666863+3.0319626770553885e-16j)
(500.1541241810663+3.7342381897605235e-16j)
(500.138556913944+1.237771531329226e-15j)
(500.1232284512179+3.0986081798969337e-16j)
(500.1081446836193-2.0897812646590286e-16j)
(500.0933113721465+4.60455628289947e-16j)
(500.07873414363405+2.7076311650593553e-16j)
(500.0644184864481+4.29446413582536e-16j)
(500.05036974630815+8.840472462638858e-16j)
(500.03659312223664+6.619815921611391e-16j)
(500.0230936626472+4.2219090985986053e-16j)
(500.00987626157007+9.97922148049093e-16j)
(499.996945655019+4.634517927959582e-16j)
(499.9843064175022+3.763306655724212e-16j)
(499.9719629586835+3.20133478725056e-16j)
(499.95991952019284-6.970285929952809e-17j)
(499.94818017259263+1.6979387462186935e-16j)
(499.93674881249774+2.2752828935305116e-16j)
(499.92562915985934+3.688177885206442e-16j)
(499.91482475540505+1.7809233771985223e-16j)
(499.90433895824793+1.2655270360095935e-15j)
(499.894174943656+2.454586839978114e-16j)
(499.8843357009956+3.7131759916108294e-16j)
(499.87482403183895+4.706407747263552e-16j)
(499.8656425482447+2.0420344040378957e-17j)
(499.8567936712125+3.552082932852237e-17j)
(499.84827962930655+4.1431168147034957e-16j)
(499.8401024574596+6.452492395848238e-16j)
(499.832263995949+5.304774309620054e-16j)
(499.82476588954745+1.0041012035002757e-15j)
(499.817609586854+4.458939858380552e-16j)
(499.8107963398004+3.511274728861048e-16j)
(499.80432720333397+2.392412236861201e-16j)
(499.79820303527873+4.3044183992351206e-16j)
(499.7924244963717+4.725109756236448e-16j)
(499.78699205047934+5.53494539784313e-16j)
(499.78190596498627+4.332888530429669e-16j)
(499.7771663113606+3.539397673105068e-16j)
(499.772772965895+1.1722692609033617e-15j)
(499.76872561062027+5.165060373811361e-16j)
(499.76502373438984+3.4472966486315195e-16j)
(499.7616666341387+6.450457105908048e-16j)
(499.75865341630606+6.043437759814155e-17j)
(499.7559829984321+6.491659021193801e-18j)
(499.753654110915+3.718099650656755e-16j)
(499.7516652989345+3.599130475630345e-16j)
(499.75001492453697-1.8943540650692e-16j)
(499.74870116887666+8.380665489658672e-16j)
(499.7477220346182+1.0924402092210006e-16j)
(499.7470753484892+1.1096485295499536e-16j)
(499.746758763985+2.1695654652682143e-16j)
(499.74676976422353+1.4883788421628412e-16j)
(499.7471056649417+2.611174626890896e-16j)
(499.7477636176378+4.0200563223071276e-16j)
(499.7487406128474+3.335673840750844e-16j)
(499.7500334835616-1.6687626055123484e-16j)
(499.75163890876576+5.406757222923481e-16j)
(499.7535534171195+2.476942661857043e-16j)
(499.75577339074744-1.9400787549162902e-16j)
(499.7582950691582+2.3845224916169354e-16j)
(499.7611145532757+6.099550131095353e-16j)
(499.7642278095831+4.610989606978807e-16j)
(499.7676306743727+4.175329362954846e-16j)
(499.77131885809933+3.3753046544479306e-16j)
(499.7752879498319+4.457960107504966e-16j)
(499.7795334217993+1.3280496356470085e-15j)
(499.7840506340232+5.81849086029062e-16j)
(499.78883483903695+3.0648949186911655e-16j)
(499.7938811866839+6.653585068170238e-16j)
(499.79918472898817+4.530745507655871e-16j)
(499.80474042509684+4.313809439542286e-16j)
(499.8105431462864+5.827347644781821e-16j)
(499.8165876810266+4.1472033578403155e-16j)
(499.8228687401021+9.093065337409002e-17j)
(499.82938096177827+9.740193886810055e-16j)
(499.8361189170152+6.681593610561772e-16j)
(499.8430771147189+1.8406490579875047e-16j)
(499.85025000702313+2.591041823753164e-16j)
(499.85763199460325-1.2471311013201355e-16j)
(499.8652174320092-6.311050982393672e-17j)
(499.87300063301905+3.9462676740937764e-16j)
(499.8809758759988+1.3202969559326206e-16j)
(499.88913740927546+7.526324943438597e-18j)
(499.8974794565091+7.424918373707088e-16j)
(499.9059962220549+4.2924744793862953e-16j)
(499.914681896324+1.634007374534688e-17j)
(499.92353066112594+2.9298465547694563e-16j)
(499.9325366949881+7.984611409026796e-17j)
(499.94169417845626+2.0926607988395056e-18j)
(499.95099729935527-2.9899731576698625e-16j)
(499.9604402580252+2.2560041196069526e-17j)
(499.9700172725066-5.1910998714816495e-16j)
(499.9797225836823+5.054142697708581e-16j)
(499.98955046037423-1.4038667944305653e-18j)
(499.99949520437383-3.224603776808976e-16j)
(500.00955115541865-2.938775223492215e-17j)
(500.0197126961019-1.736231986299266e-16j)
(500.0299742567081+5.831182213040072e-17j)
(500.0403303199779+4.769526660586548e-16j)
(500.05077542578846+3.398476646608508e-17j)
(500.0613041757532+2.5444179197361685e-16j)
(500.07191123772793+8.366421612051526e-16j)
(500.0825913502306+3.901461883833482e-17j)
(500.093339326756-3.119072896156401e-16j)
(500.1041500599942+7.55593417655875e-17j)
(500.11501852593904+6.226658700140204e-17j)
(500.1259397878919+2.859356863020734e-16j)
(500.1369090003482+5.418891131222542e-16j)
(500.14792141276865+4.152243295066159e-16j)
(500.1589723732283+1.86434626719511e-16j)
(500.1700573319451+6.714227751703038e-16j)
(500.1811718446757+2.316797139285234e-16j)
(500.19231157598693+1.6000431704491867e-16j)
(500.203472302389-5.018055566815838e-17j)
(500.21464991533543-1.577267755689718e-16j)
(500.2258404240818+1.8894446532190468e-16j)
(500.2370399584059+3.719455215697569e-17j)
(500.248244771179+1.9236095824077417e-16j)
(500.2594512407956+2.131976039588642e-16j)
(500.2706558734528+8.537002860533234e-16j)
(500.28185530527924-6.606834424552784e-17j)
(500.29304630431005+2.571995991961326e-16j)
(500.3042257723132+1.694155864299564e-16j)
(500.3153907464541-2.2792751081949014e-18j)
(500.3265384008068-3.309595957000329e-17j)
(500.3376660477074+1.2785740267433646e-16j)
(500.3487711389478+3.594347917307623e-16j)
(500.3598512668104+4.748398468679166e-16j)
(500.3709041649397+5.711506038398542e-16j)
(500.38192770905766+1.2188226780766298e-16j)
(500.39291991751287+1.7219071985052011e-16j)
(500.40387895167197-1.5127874965147313e-16j)
(500.4148031161463+3.738647208490838e-16j)
(500.4256908588612+3.694348286639684e-16j)
(500.43654077095863+4.06350112144416e-16j)
(500.4473515865457+1.2351963016718955e-16j)
(500.4581221822766+2.878365830763754e-16j)
(500.46885157678264+7.768203289853303e-16j)
(500.47953892993496+2.188951861553503e-16j)
(500.49018354196136+1.3385129933203507e-16j)
(500.50078485239584+1.967027457009377e-16j)
(500.51134243888225-1.120991853508785e-16j)
(500.52185601582227-1.3680794319149247e-16j)
(500.53232543287135+1.410351487191792e-16j)
(500.54275067328683+8.247893112586917e-17j)
(500.5531318521299-3.98187874334426e-16j)
(500.5634692143204+4.647308095808317e-16j)
(500.5737631325517-3.682822656898807e-17j)
(500.58401410506343-8.510251570081971e-17j)
(500.5942227532807-2.2598435167119264e-16j)
(500.6043898193133-6.411770699259124e-17j)
(500.6145161633271+1.2537469667927799e-16j)
(500.62460276078804+1.0546703095588725e-17j)
(500.6346506995769-3.0162731761611433e-17j)
(500.64466117698646-3.3558114439472617e-16j)
(500.6546354965949+2.104613805920221e-16j)
(500.6645750650305-5.4343464413775093e-17j)
(500.6744813886213-3.286412855857712e-16j)
(500.68435606993455-2.2433789909885554e-16j)
(500.69420080422134+3.832641995240512e-16j)
(500.70401737575145+3.7243858501496755e-16j)
(500.71380765406+1.360185045813847e-16j)
(500.72357359009976-3.4032630540552313e-17j)
(500.7333172123059+3.3647169758115285e-16j)
(500.74304062258176+8.224201313525114e-16j)
(500.75274599220046+2.2629771654213094e-16j)
(500.7624355576403+9.934749143719657e-17j)
(500.7721116163432+3.397738551692051e-16j)
(500.7817765224173+1.5467406993978954e-16j)
(500.79143268227114+2.94092640936376e-16j)
(500.8010825502009+4.2675443979864234e-16j)
(500.81072862392324+1.2968746029186604e-16j)
(500.8203734400649-1.6556754671502816e-17j)
(500.8300195696104+5.612556599113851e-16j)
(500.83966961331885+4.998517834911927e-16j)
(500.84932619710463+8.310548670897521e-17j)
(500.8589919674009-3.686896325966161e-17j)
(500.86866958649506-3.258545651040605e-16j)
(500.8783617278564-1.8161477026270331e-16j)
(500.88807107144953+1.539591683307521e-16j)
(500.8978002990468-1.4976459749316006e-16j)
(500.907552089539-2.0115851329590824e-16j)
(500.9173291142525+3.5401382914165747e-16j)
(500.9271340322782+7.720697592723637e-17j)
(500.93696948581663-1.3342417623758833e-16j)
(500.9468380955426-1.4741365382972773e-17j)
(500.9567424559967+3.335642715891447e-17j)
(500.96668513101116-1.2418964083917684e-16j)
(500.97666864916636-5.026834267756379e-16j)
(500.98669549929576-3.4603088162954954e-16j)
(500.9967681260294-6.903349569825545e-16j)
(501.00688892539495+1.8735621158817332e-16j)
(501.0170602404721-2.5287244803208235e-16j)
(501.0272843571076-4.432539383531473e-16j)
(501.0375634996967-2.5955933283431313e-16j)
(501.04789982703403-3.766158572126147e-16j)
(501.0582954282411-6.697798390620927e-17j)
(501.06875231876984+1.7533415656304604e-16j)
(501.07927243649317-2.292577113333316e-16j)
(501.08985763788354+4.7372681366153406e-17j)
(501.10050969427925+3.353924587664526e-16j)
(501.1112302882549-2.310315098392123e-16j)
(501.12202101008603-4.935691711461171e-16j)
(501.132883354322-2.407415455637693e-16j)
(501.1438187164644-6.65174289650441e-17j)
(501.154828389761+1.5005514869443927e-16j)
(501.1659135621143+2.230977288389405e-16j)
(501.1770753131072+5.821522027368551e-17j)
(501.1883146111558-1.3242902303625745e-16j)
(501.19963231078384+3.644440051625474e-16j)
(501.21102915002996-2.4138767059472427e-18j)
(501.2225057479846-2.2655505609005534e-17j)
(501.23406260246463-1.7367925089921762e-16j)
(501.24570008782297-2.671602700900798e-16j)
(501.2574184529009+1.4822710343775024e-16j)
(501.2692178191219-8.639647872986445e-18j)
(501.28109817873354-1.1173309855693497e-16j)
(501.2930593931928+8.002778746903301e-17j)
(501.305101191704+5.417506949565904e-16j)
(501.3172231699062-2.9543780581038273e-16j)
(501.3294247887166+1.443908752826629e-16j)
(501.341705373325+2.0252101775812865e-16j)
(501.354064112347-6.805625768997017e-17j)
(501.3665000571339-1.6969574152011246e-16j)
(501.3790121212397+1.6257647009335488e-18j)
(501.39159908005036+9.778216396642988e-17j)
(501.4042595705707+2.5258849434551795e-16j)
(501.4169920913729+2.5844979220046284e-16j)
(501.4297950027075-3.0530887071889156e-17j)
(501.442666526774+3.7495354672680007e-17j)
(501.4556047481543-2.8391420705441467e-16j)
(501.46860761440723+3.241000577427496e-16j)
(501.4816729368248+3.2664332956189664e-16j)
(501.49479839135+3.272149741856949e-16j)
(501.50798151965427-2.2211454094977957e-18j)
(501.5212197303741+2.62458909964395e-16j)
(501.53451030051065+3.785390869043811e-16j)
(501.5478503769794+3.365081719433455e-17j)
(501.5612369783259+8.775831213965004e-17j)
(501.57466699659074-6.225488410800216e-17j)
(501.5881371993284-1.32606809532295e-16j)
(501.60164423178367-1.700679160518884e-16j)
(501.615184619211+1.0296160358536835e-16j)
(501.6287547693485-9.900043866492819e-17j)
(501.64235097503547-3.752494994631745e-16j)
(501.6559694169734+3.0955620489161227e-16j)
(501.6696061666302+3.93495308562798e-17j)
(501.68325718928315-6.256205950268002e-17j)
(501.6969183471971-3.706724608160656e-16j)
(501.7105854029359-1.0518736910366117e-16j)
(501.7242540228086+3.4638944991197834e-17j)
(501.7379197804347-1.1805342601793126e-16j)
(501.7515781604412-2.1584965668151612e-16j)
(501.7652245622775-2.8835332509883686e-16j)
(501.7788543041453+1.478551741467044e-16j)
(501.79246262704675-1.6791749780526667e-16j)
(501.80604469893484-3.03932931456636e-16j)
(501.81959561898066-2.596103731720024e-16j)
(501.8331104219295+4.4263559193725595e-16j)
(501.84658408256587+4.76677607964028e-16j)
(501.8600115202646+1.5610141550420075e-16j)
(501.8733876036354-2.849356633323672e-16j)
(501.88670715524864+4.007226608200468e-16j)
(501.8999649564463+5.853410551775613e-16j)
(501.91315575222217+1.8348620157152644e-16j)
(501.9262742561801+1.0239725524991037e-16j)
(501.939315155551+2.207918813174531e-16j)
(501.95227311627866+5.1752740732400845e-17j)
(501.9651427881562+3.8312209034501356e-16j)
(501.9779188100173+4.862435769593057e-16j)
(501.99059581497266+3.7260656629012696e-17j)
(502.0031684356887+9.256160042715273e-17j)
(502.01563130970214+4.840778931801907e-16j)
(502.0279790847646+5.701789283811749e-16j)
(502.040206424215+1.9488131412766744e-16j)
(502.0523080123725-8.584223949230975e-18j)
(502.06427855994116-2.7942784742519876e-16j)
(502.0761128094309-1.055619042456781e-16j)
(502.0878055405779+1.3355596394092732e-16j)
(502.0993515757655-1.8853309320900902e-16j)
(502.1107457854412-1.3543269893184476e-16j)
(502.12198309352056+3.039696827785897e-16j)
(502.13305848277327+2.061545241298576e-17j)
(502.1439670001898-4.4259095528101916e-17j)
(502.1547037623186+6.02431900211256e-17j)
(502.1652639605708+8.668596357882829e-17j)
(502.175642866488-5.837344637351695e-17j)
(502.18583583696454-3.947632230942325e-16j)
(502.19583831942253-3.7943067855045917e-16j)
(502.20564585693404-5.545710456923401e-16j)
(502.215254093281+9.861803825789282e-17j)
(502.2246587779538-3.064262053733153e-16j)
(502.2338557710796-3.5625012875185274e-16j)
(502.24284104827643-9.13981997422391e-17j)
(502.2516107054274-3.492659329123456e-16j)
(502.26016096337185-8.178825157245311e-17j)
(502.2684881725063+1.2178783718222444e-16j)
(502.2765888172935-1.9679664293713785e-16j)
(502.2844595206704+1.131778140463338e-16j)
(502.29209704835563+2.1846910277116745e-16j)
(502.29949831304737-2.1762974505185986e-16j)
(502.3066603785122-4.1079607166423555e-16j)
(502.3135804635539-1.530344306577295e-16j)
(502.32025594586503+1.1567531879867839e-17j)
(502.32668436575324+1.0827273610677832e-16j)
(502.3328634297375+1.173567225439405e-16j)
(502.33879101401396-9.656583278404826e-17j)
(502.34446516778587-7.674026898060824e-17j)
(502.34988411645156+2.973605967985432e-16j)
(502.355046264652-8.486553530460437e-17j)
(502.35995019916913-2.479129725138011e-17j)
(502.36459469167613-5.18998570003523e-17j)
(502.36897870133464-2.420524274816547e-16j)
(502.373101377237+2.8684252500345574e-16j)
(502.37696206068523+2.0232276622460671e-16j)
(502.38056028731637-1.4745102059148056e-16j)
(502.383895789056+2.2474875341997815e-16j)
(502.38696849591173+4.817080718860589e-16j)
(502.3897785375952-2.2396191668592034e-16j)
(502.39232624497265+1.6216075797313626e-16j)
(502.39461215134656+4.670230569070445e-16j)
(502.3966369935608-1.9189163653961676e-17j)
(502.39840171292917-1.7889361520734173e-16j)
(502.39990745598845+1.317174439576307e-16j)
(502.4011555750741+3.588374373301373e-17j)
(502.40214762871335+2.470819889952467e-16j)
(502.4028853818405+2.1281333411557736e-16j)
(502.403370805829-1.7514721744279334e-16j)
(502.40360607834475-1.0118353621022773e-16j)
(502.4035935830137-2.1086258970732806e-16j)
(502.4033359089102+2.9075733357428715e-16j)
(502.40283584986213+2.8464116946828444e-16j)
(502.40209640356954+4.301034159374553e-16j)
(502.4011207705508+4.5494391827499467e-17j)
(502.3999123528953+3.5649192436176513e-16j)
(502.39847475284654+2.6790868285271183e-16j)
(502.39681177119513-1.051046576526297e-17j)
(502.3949274055006+8.077817486320352e-17j)
(502.3928258481303-8.483841992545883e-17j)
(502.39051148412267-1.8926692460665266e-16j)
(502.3879888888759-8.610360360580796e-17j)
(502.3852628256644+2.2859677433801987e-16j)
(502.38233824297913-1.5467056647213133e-16j)
(502.37922027170157-1.8182367107581867e-16j)
(502.37591422211057+2.780256623526187e-16j)
(502.37242558071955+1.5613551028315427e-18j)
(502.36876000695634-9.147041097754619e-17j)
(502.36492332967936-4.2116391389224933e-16j)
(502.36092154353446-9.858842356609064e-17j)
(502.35676080516174+2.5396537767709795e-17j)
(502.3524474292494-4.148423884068014e-17j)
(502.34798788443413-1.9396597172756543e-16j)
(502.3433887890659-1.1705834606505215e-16j)
(502.33865690682165+2.6077105644650037e-16j)
(502.33379914218847-2.9501323153991915e-16j)
(502.32882253580834-3.4845757460143236e-16j)
(502.3237342596946-1.483107200489814e-16j)
(502.31854161231985+3.5138596992745893e-16j)
(502.31325201358817+4.3375068547913663e-16j)
(502.30787299967915+3.306321838953896e-16j)
(502.3024122177901-3.6521128900438056e-16j)
(502.2968774207604+5.432601242624318e-16j)
(502.29127646159577+4.908765285720456e-16j)
(502.2856172878941+1.4122518571696893e-17j)
(502.2799079361725+7.198480785017937e-17j)
(502.27415652610756+2.245906615416221e-16j)
(502.26837125469166-2.2028202616651254e-17j)
(502.26256039030557+3.881568905437292e-16j)
(502.2567322667204+4.482374393071192e-16j)
(502.2508952770286+4.353312742198834e-17j)
(502.2450578675104+2.322271264481986e-16j)
(502.2392285314437+5.493696244937e-16j)
(502.233415802857+4.905249967996114e-16j)
(502.2276282502395+9.174406022257385e-17j)
(502.2218744702051+3.10147428287111e-17j)
(502.21616308112027-2.7019807143768193e-16j)
(502.21050271670435+8.521850502258464e-18j)
(502.2049020196001+2.2030731861885798e-16j)
(502.19936963492734-2.1563703204372673e-16j)
(502.1939142038216+1.7437840191779165e-17j)
(502.1885443569653+3.165990117155006e-16j)
(502.18326870811677-6.973463453820851e-17j)
(502.17809584764126-4.317186870011308e-17j)
(502.1730343360518+1.0297168240808055e-16j)
(502.1680926975663+5.775544971588225e-17j)
(502.1632794136829+2.6226685549068254e-17j)
(502.158602916783-3.130804074650201e-16j)
(502.154071583766-3.198942823024975e-16j)
(502.1496937297232-2.4860145615242473e-16j)
(502.14547760165243+1.6856185798633921e-16j)
(502.14143137222396-4.209690281367065e-16j)
(502.1375631336013-2.9750668781103783e-16j)
(502.1338808913182+9.157352871579866e-17j)
(502.1303925582277-2.6928989706736546e-16j)
(502.1271059485172-1.160242809238339e-16j)
(502.12402877180193+2.0815419663211069e-16j)
(502.1211686273003-1.1457618822776072e-16j)
(502.11853299809616+1.8956108315250242e-16j)
(502.1161292454918+1.6163113175956418e-16j)
(502.11396460346-1.2300102799144636e-16j)
(502.11204617319913-3.016761212477704e-16j)
(502.11038091779176-4.6288086865050506e-17j)
(502.1089756569785+5.733073433328563e-17j)
(502.10783706204603+1.6838285451283572e-17j)
(502.10697165084+5.578675677514009e-17j)
(502.10638578289877-1.307164758401046e-16j)
(502.10608565472074+9.1014075959129e-17j)
(502.1060772951634+2.7906250293275227e-16j)
(502.10636656098535-1.0768901820772549e-16j)
(502.1069591325237-4.644725719526406e-17j)
(502.10786050952333+1.165185910935165e-16j)
(502.10907600711573-7.840439066841675e-17j)
(502.11061075194795+4.475406394416549e-16j)
(502.1124696784716+2.977625769560587e-16j)
(502.1146575253926-2.2275573763520723e-16j)
(502.117178832281+3.786283597399278e-16j)
(502.12003793635245+4.632707738815235e-16j)
(502.1232389694129-1.2172481114421492e-16j)
(502.12678585498236+6.284997931487061e-17j)
(502.1306823055879+5.640452405314949e-16j)
(502.1349318202344+5.863368908097022e-17j)
(502.13953768205835-1.5185145998897187e-16j)
(502.14450295615876+1.904791576796762e-16j)
(502.1498304876123+9.21419716243388e-17j)
(502.155522899675+2.0349505058399977e-16j)
(502.1615825921698+2.322373978074925e-16j)
(502.1680117400582-2.251373595930153e-16j)
(502.1748122922075-1.58113546500526e-16j)
(502.1819859703432-1.1959502320013818e-16j)
(502.1895342681935+2.1959615081478365e-16j)
(502.1974584508261+2.987457062940777e-16j)
(502.2057595541754+4.556990114325569e-16j)
(502.2144383847639+9.436552309275462e-17j)
(502.2234955196161+4.272772668220868e-16j)
(502.2329313063612+1.544672911340249e-16j)
(502.24274586353295+5.040663227758317e-17j)
(502.2529390810574+8.616043631484169e-17j)
(502.2635106209361-3.9258175503316274e-17j)
(502.2744599181127-1.606727290043116e-16j)
(502.2857861815363-5.300459861102669e-18j)
(502.2974883954099+3.4247692312228943e-16j)
(502.30956532062424-2.6626683797817867e-17j)
(502.3220154963808+1.0272665138456067e-16j)
(502.3348372419958+2.3051805772905055e-16j)
(502.3480286588888+3.9629612505757943e-17j)
(502.36158763274716+5.29779311052791e-18j)
(502.3755118358749-3.14772604968372e-16j)
(502.3897987297104-4.0447768705585785e-17j)
(502.40444556752317-4.080357789996126e-17j)
(502.4194493972758+4.413063358798766e-17j)
(502.4348070646584-9.330784050763882e-17j)
(502.45051521628363-4.654332072347776e-18j)
(502.4665703030469+1.9646723341070954e-16j)
(502.4829685836425-3.020081489683427e-16j)
(502.49970612823523-1.9837283519510292e-16j)
(502.5167788222849-1.1793928921893753e-16j)
(502.53418237051574+3.2572409496202813e-16j)
(502.55191230103253+3.506612302931148e-16j)
(502.5699639695741+4.00819386742091e-16j)
(502.58833256390585-3.5000878402420476e-16j)
(502.60701310834014+7.416473047696652e-16j)
(502.6260004683859+2.773436649920992e-16j)
(502.64528935552164-1.0378983833036148e-16j)
(502.66487433208545+1.509720245976191e-16j)
(502.6847498162793+2.0242428342400305e-16j)
(502.7049100872803+1.2686683794261058e-16j)
(502.72534929045935+4.192159750035173e-16j)
(502.74606144269495+4.0870288572280055e-16j)
(502.76704043778375+2.0173163663396055e-16j)
(502.7882800519376+3.887099377829614e-16j)
(502.809773949365+5.050636962414852e-16j)
(502.83151568793147+5.192341776449679e-16j)
(502.85349872489064+1.9015028328351632e-16j)
(502.8757164226849+8.637110571540655e-17j)
(502.8981620548065-1.613888854491334e-16j)
(502.92082881171433+1.286012439368836e-16j)
(502.9437098068032+2.7825650700803695e-16j)
(502.96679808241873-9.114581875777935e-17j)
(502.99008661590517+2.245739784017621e-16j)
(503.01356832569707+3.0249585558787117e-16j)
(503.03723607743007+9.63778635562035e-18j)
(503.061082690078+1.2301596484731277e-17j)
(503.08510094210624+5.814311043981828e-17j)
(503.1092835776334+2.361965836570015e-16j)
(503.13362331259975+1.2234245810619374e-16j)
(503.15811284093365-1.5972324519566567e-16j)
(503.1827448407129-8.700295190882242e-17j)
(503.20751198031013+1.2637870049544481e-16j)
(503.2324069245217+2.254616410131324e-16j)
(503.25742234067496-3.084638500902301e-16j)
(503.28255090470014-1.650859530358202e-16j)
(503.3077853071717+1.9030226545301562e-16j)
(503.3331182593074-1.3971938360089303e-16j)
(503.3585424989176-1.0868085371022016e-16j)
(503.38405079630724+3.1616191146135836e-16j)
(503.40963596011613+7.241863294413625e-17j)
(503.43529084309966+2.2124937979995442e-16j)
(503.4610083478378+1.3378462360242938e-16j)
(503.48678143237066+3.3588855346303205e-17j)
(503.5126031157593-1.0143216862076498e-16j)
(503.53846648355716+4.214013603887342e-17j)
(503.5643646931958+3.554415876536266e-17j)
(503.5902909792761-8.58195147655814e-17j)
(503.61623865875913-6.155248066768415e-17j)
(503.64220113605535-1.1206658169845033e-16j)
(503.66817190800526+1.3920947539657193e-16j)
(503.69414456874733+1.601398827782931e-16j)
(503.72011281446834-5.097186337265818e-17j)
(503.74607044803173-1.565489958365132e-16j)
(503.77201138348323+7.502914945507535e-17j)
(503.7979296504242+6.60507631845839e-17j)
(503.8238193982531+4.808742338577543e-16j)
(503.8496749002685+2.930975925962907e-16j)
(503.87549055763293-1.288312274618886e-16j)
(503.9012609031913+5.82715757745114e-16j)
(503.9269806051408+4.1635909440644473e-16j)
(503.95264447055325+1.2952569858497073e-17j)
(503.97824744874055-1.0902328289110147e-16j)
(504.0037846344639+4.59483611640714e-16j)
(504.0292512709854+2.2949254346178872e-16j)
(504.0546427529541-3.85316662269829e-17j)
(504.0799546291337+1.1775811131964573e-16j)
(504.105182604956+1.3545263710684408e-16j)
(504.1303225449122+2.606933511585893e-16j)
(504.15537047476954+1.1060915206710403e-16j)
(504.18032258361745-3.406884349764405e-16j)
(504.20517522574033-2.256299525030691e-16j)
(504.2299249223129-3.4513209018688046e-17j)
(504.2545683629211+1.9795655050474104e-16j)
(504.279102406904+2.7715911540994435e-16j)
(504.3035240845212+5.101441726932391e-16j)
(504.3278305979339-3.6986687907019233e-17j)
(504.35201932201386+3.477857385526076e-16j)
(504.3760878049686+9.668109776176487e-17j)
(504.40003376878786+3.521365175330221e-17j)
(504.42385510950976-3.1499968828117974e-17j)
(504.44754989730734-4.189669995417464e-17j)
(504.47111637639574-1.1695623398470152e-16j)
(504.49455296476145+2.529491568918055e-17j)
(504.51785825371223+3.724687009316999e-16j)
(504.5410310072515+1.3422191600527098e-16j)
(504.564070161275+2.6991236839586974e-16j)
(504.58697482259475+2.289939290409363e-16j)
(504.6097442677889+2.739216475040178e-17j)
(504.6323779418803+1.4563313924264345e-17j)
(504.65487545684294-1.6562237815401303e-16j)
(504.6772365899463+6.800385917661514e-17j)
(504.6994612819268-6.129062737861393e-17j)
(504.72154963500316+8.449451169396878e-17j)
(504.7435019107226-5.607692264177233e-17j)
(504.765318527658+5.4596606247478705e-17j)
(504.787000058941+7.447931164358331e-17j)
(504.8085472296478-3.1918958889631367e-16j)
(504.8299609140339-1.4420168521578294e-16j)
(504.8512421326214-9.656002876484807e-17j)
(504.8723920491453+1.1841779851610327e-16j)
(504.8934119673571+1.769871326679553e-16j)
(504.9143033276972+3.126096435830367e-16j)
(504.9350677038312-4.290105318414281e-16j)
(504.9557067990577+7.337849786115538e-16j)
(504.97622244259645+1.178379510590902e-17j)
(504.99661658575116-3.315757151850733e-16j)
(505.0168912979598+7.024943753575636e-17j)
(505.03704876273173+7.028891274431944e-17j)
(505.0570912734782+1.151475145709999e-16j)
(505.0770212292422+2.4721302998346017e-16j)
(505.09684113032733+2.124160243289901e-16j)
(505.11655357383614+1.5915613636286727e-16j)
(505.1361612491198+3.7050297259036783e-16j)
(505.1556669331438+3.1251070120765996e-16j)
(505.1750734857758+2.5885928365749655e-16j)
(505.1943838450025+1.0671672922555158e-16j)
(505.21360102207456+3.895073711788978e-17j)
(505.23272809659204-2.2967479315334054e-16j)
(505.2517682115306+1.7912137629348198e-16j)
(505.2707245682189+2.0746399304085333e-16j)
(505.28960042126215-9.25613615751403e-17j)
(505.308399073434+2.6924823240492383e-16j)
(505.3271238705241+1.80398588640169e-16j)
(505.34577819615987-6.700149632745067e-17j)
(505.364365466603-7.402319498331958e-17j)
(505.3828891255244-2.6065490991442453e-17j)
(505.4013526387689+3.098804255957982e-16j)
(505.41975948910726+7.561000590035823e-17j)
(505.43811317099085-5.241305333779503e-17j)
(505.4564171853038-8.14916883650991e-17j)
(505.4746750341275+3.42177667389786e-16j)
(505.49289021551675+1.3716591849046554e-16j)
(505.51106621829723-2.0990060596849783e-16j)
(505.5292065168867-2.272044539193731e-16j)
(505.54731456614513+1.9592396215744145e-16j)
(505.5653937962656-1.843489458738266e-16j)
(505.58344760769796-1.9741216752545348e-16j)
(505.6014793661292+8.805200917100596e-17j)
(505.61949239750703+7.488895439842922e-17j)
(505.6374899831247+8.64925678699452e-17j)
(505.6554753547667-6.695929863497533e-17j)
(505.6734516899214-1.4325477255570215e-16j)
(505.69142210706786-1.8622155066870187e-16j)
(505.7093896610357+1.147783285073089e-17j)
(505.7273573384504-1.7266567598617217e-16j)
(505.7453280532655-1.1436737912671809e-16j)
(505.7633046423819-2.901375185227065e-16j)
(505.78128986136875-2.1765835717225213e-16j)
(505.7992863802796-1.1402945753551264e-17j)
(505.8172967795767-1.0734430781117898e-16j)
(505.835323546163-1.3740697550483615e-16j)
(505.8533690695266-3.471383428814273e-16j)
(505.8714356380032-2.498261152754535e-17j)
(505.88952543515774-5.635468864078126e-17j)
(505.9076405362941+3.24348882230683e-16j)
(505.9257829050903+1.573823168004348e-16j)
(505.94395439036407-2.286655993098234e-16j)
(505.96215672297774+5.51950723531816e-16j)
(505.9803915128791+1.214446414024185e-16j)
(505.9986602462821-9.371688288961115e-17j)
(506.01696428299437-4.0324132561743327e-16j)
(506.035304853891+2.780687495015442e-16j)
(506.0536830585356+1.2424117144761948e-16j)
(506.072099862958-5.649878485056617e-17j)
(506.0905560975811-1.1157863794706545e-16j)
(506.109052455309-1.278018397008381e-16j)
(506.1275894897688+2.1880001506077653e-16j)
(506.1461676137147-7.997053285808471e-17j)
(506.1647870975976-5.255108886969728e-16j)
(506.1834480682895-4.2006358090601943e-16j)
(506.20215050797987+3.0142312569024e-17j)
(506.22089425323566-1.1721758901678811e-17j)
(506.23967899422416+1.7508943503574623e-16j)
(506.2585042741105+3.5128507544181213e-16j)
(506.27736948861525-3.2197440143466625e-16j)
(506.29627388574494+2.1827616981713752e-16j)
(506.3152165656908-2.0836567648158711e-16j)
(506.3341964808958-1.296194692107962e-16j)
(506.3532124362877-2.0985395614280381e-16j)
(506.3722630896869-1.4651710923445246e-16j)
(506.3913469523719-1.8967013385813573e-16j)
(506.4104623898235-1.3760537085782086e-16j)
(506.4296076226261+1.7384796046735522e-16j)
(506.4487807275396+3.2883086154956e-17j)
(506.4679796387339+2.9858076142982575e-16j)
(506.48720214918575+5.559016313292535e-17j)
(506.50644591223835-6.208181210704279e-17j)
(506.52570844332035-6.437776551563345e-17j)
(506.54498712182084-1.7518225695937696e-16j)
(506.56427919312506-2.4122068263479267e-17j)
(506.58358177079896-2.294390449046563e-16j)
(506.60289183892763-6.240691095064802e-17j)
(506.6222062546027-2.362003855564816e-16j)
(506.6415217505574+4.0285050772341216e-17j)
(506.6608349379416-2.0524218681004855e-16j)
(506.68014230924285-5.23759611001978e-16j)
(506.699440241341-2.82265987778567e-16j)
(506.7187249986997-2.149544439025663e-16j)
(506.7379927366869-1.2035664270800542e-16j)
(506.75723950502663+5.27183257145917e-17j)
(506.77646125137187+4.555705552987055e-17j)
(506.7956538249987-6.437639169526508e-16j)
(506.8148129806185+5.272121929603346e-16j)
(506.83393438229996-3.435551097525347e-16j)
(506.8530136075021-6.048755033186042e-16j)
(506.8720461512113-1.5726019789766659e-16j)
(506.8910274301762-2.8498918055308667e-16j)
(506.9099527872425-5.378847563069679e-17j)
(506.9288174957719+7.006268797964102e-17j)
(506.9476167641565-7.274300700730587e-17j)
(506.96634574040837-7.580453798981833e-17j)
(506.9849995168273+2.7938947271718173e-16j)
(507.0035731347435-9.917113655079674e-17j)
(507.02206158932376-9.318841694323398e-17j)
(507.040459834444+6.757551323812347e-17j)
(507.0587627876154-1.7818422101490273e-16j)
(507.0769653349638-4.349888951747351e-16j)
(507.0950623362593+1.972966370202334e-17j)
(507.1130486299802-1.25632152802107e-16j)
(507.1309190384218-2.9315628052355914e-16j)
(507.1486683728304+1.3424943627849096e-16j)
(507.166291438565-1.53893048254396e-16j)
(507.1837830402826-2.6484844324797833e-16j)
(507.2011379871309-2.557344607798249e-16j)
(507.2183510979593-2.823606708267525e-16j)
(507.2354172065295+8.744551716200624e-17j)
(507.25233116672524-9.907580733563551e-17j)
(507.2690878577572-1.9555836180287412e-16j)
(507.2856821893535-2.426777375167074e-16j)
(507.3021091069374+2.893090058490557e-16j)
(507.318363596777-1.797130410427766e-16j)
(507.33444069110925-2.7515494334888907e-16j)
(507.3503354732336-3.308149823076923e-16j)
(507.36604308256193-9.738876907228354e-17j)
(507.38155871962863-3.1952670238536736e-16j)
(507.39687765104895-4.1448772698099823e-16j)
(507.4119952144253-2.6375745475813035e-16j)
(507.42690682319414-1.734686668736215e-16j)
(507.4416079714069-1.2347747265561425e-16j)
(507.4560942384431-4.107010137374283e-16j)
(507.47036129364983-5.016071406859589e-16j)
(507.48440490090167-3.8300546269950737e-16j)
(507.498220923075-2.384056628166572e-16j)
(507.51180532643815-5.136402510166608e-16j)
(507.52515418494704-2.754221511560974e-16j)
(507.5382636844398-6.0267555311478255e-16j)
(507.5511301267371-4.3168250328185606e-16j)
(507.563749933629-1.6093732629154913e-16j)
(507.5761196507572-4.672820617662143e-16j)
(507.58823595138074-4.349804739227301e-16j)
(507.60009564002337-5.336637939757339e-16j)
(507.61169565600153-4.2229584485270196e-16j)
(507.6230330768244-3.6818381910591003e-16j)
(507.63410512146504+1.349253054014781e-16j)
(507.64490915350063-4.2064499882918266e-17j)
(507.6554426841157-3.2159497829118992e-16j)
(507.66570337496813+5.37422224163441e-16j)
(507.6756890409106-2.4113654731589484e-16j)
(507.68539765256946-3.3457284771761686e-16j)
(507.6948273387761-6.20834767040302e-16j)
(507.70397638884697+8.088555913281287e-18j)
(507.71284325471294-6.721019154662345e-17j)
(507.721426552892-1.5714063466578674e-16j)
(507.7297250663085-3.9340614853251077e-16j)
(507.73773774594855-5.001535448687053e-16j)
(507.7454637123613+1.359527516417399e-16j)
(507.75290225699376-2.9658535424402986e-16j)
(507.7600528433621-7.234143228179947e-16j)
(507.7669151080619-6.633010100139067e-16j)
(507.77348886160786-6.263403393822007e-17j)
(507.7797740891116-2.1578908586324713e-16j)
(507.78577095078697-6.865887824640653e-17j)
(507.7914797822913+1.832204641703566e-16j)
(507.79690109489417-4.85910333146928e-16j)
(507.8020355754823+1.6074994012665323e-16j)
(507.80688408639077-3.9712364053035456e-16j)
(507.811447665068-3.7708565868514634e-16j)
(507.8157275235712-3.6062670595063804e-16j)
(507.8197250478935-2.6714392947005253e-16j)
(507.8234417971251-3.0315669000299844e-16j)
(507.8268795024459-2.312471315083495e-16j)
(507.8300400659522+5.228344383846303e-17j)
(507.83292555931905-2.0041267175253869e-16j)
(507.8355382223006+3.544924623111383e-16j)
(507.83788046106685-1.1498962342350035e-16j)
(507.83995484637796-1.3005881569987925e-16j)
(507.84176411160536-1.6555434336886141e-16j)
(507.84331115059007-3.051698117953961e-16j)
(507.8445990153503-1.6028413866095078e-16j)
(507.84563091363395-3.5886309937782e-16j)
(507.84641020632546-2.1952482944667354e-16j)
(507.8469404046977-3.575518327921289e-16j)
(507.8472251675273+6.004137925445043e-17j)
(507.8472682980613-2.4288354909478617e-16j)
(507.84707374084945-6.921432664812163e-16j)
(507.846645578436-4.0109936439538246e-16j)
(507.84598802792533-2.8429840784482273e-16j)
(507.84510543741027-3.016362171523775e-16j)
(507.844002282283-4.2681856252556547e-17j)
(507.84268316141555-8.642610042782192e-18j)
(507.84115279323-5.713170608020639e-16j)
(507.8394160116473+4.0836894631849937e-16j)
(507.8374777619305-4.506216837862934e-16j)
(507.83534309642-7.27640547535646e-16j)
(507.83301717016576-2.9130772271652655e-16j)
(507.83050523646256-4.720583209737005e-16j)
(507.82781264229266-9.116054429999897e-17j)
(507.82494482367827+3.228527681873245e-17j)
(507.8219073009504-7.834378279675499e-17j)
(507.81870567393815-1.1436871047332397e-16j)
(507.81534561708423+4.65205693721009e-16j)
(507.8118328744869-2.2182853130441056e-16j)
(507.8081732548827-1.7567184888413953e-16j)
(507.8043726265636+2.0166994866956142e-16j)
(507.8004369122413-1.7653517628951e-16j)
(507.79637208386447-4.583041457645765e-16j)
(507.7921841573843+5.3948492630166506e-17j)
(507.78787918748765-1.1960806548205174e-16j)
(507.78346326229166-2.6288424087300734e-16j)
(507.77894249801057+2.863256951214275e-16j)
(507.77432303359745-1.9398468167590028e-16j)
(507.7696110253694-2.5698459335758316e-16j)
(507.76481264161833-1.7720448369152034e-16j)
(507.75993405721243-2.4514771974462646e-16j)
(507.75498144819954+1.0140019930320554e-17j)
(507.7499609864084+3.4017857559436225e-17j)
(507.74487883405936-7.689806932598331e-17j)
(507.73974113839154-1.200200073620824e-16j)
(507.73455402630486+4.975912011013922e-16j)
(507.72932359902893-5.114455502425445e-17j)
(507.7240559268194-1.5374751671223133e-16j)
(507.7187570436903-5.0011731870927284e-17j)
(507.71343294218565-3.345786830954135e-17j)
(507.70808956819525-7.776043501177529e-17j)
(507.70273281582274-2.684198930603766e-16j)
(507.69736852230704-1.6582101808525434e-16j)
(507.6920024630037-6.71346716200855e-17j)
(507.6866403464337+1.449790739883228e-16j)
(507.68128780939924-3.6909094341676196e-16j)
(507.675950412177-4.2656383436740783e-16j)
(507.6706336337888-1.961947098521723e-16j)
(507.6653428673588-1.5223556070196975e-16j)
(507.6600834155572-3.468025330047744e-16j)
(507.65486048613946-5.2285967677810986e-17j)
(507.64967918758003-4.138194652277064e-16j)
(507.6445445248139-1.803918738155084e-16j)
(507.6394613950757+1.7622991931402758e-16j)
(507.6344345838575-2.4222052943322447e-16j)
(507.6294687609758-3.7393814983632443e-16j)
(507.6245684767582-1.9570230516118335e-16j)
(507.6197381583505-2.5966273468209814e-16j)
(507.6149821061527-1.2214774071585117e-16j)
(507.6103044903785+4.39493592493813e-16j)
(507.605709347754+2.414570054313552e-16j)
(507.6012005783428-3.7924827693769e-17j)
(507.59678194251893+9.229507985670148e-16j)
(507.5924570580762-9.828191369481614e-17j)
(507.588229397481-1.234877698197139e-16j)
(507.58410228527583-3.158066418065002e-16j)
(507.5800788956298+2.3333972960182424e-16j)
(507.5761622500404+1.635728383154822e-16j)
(507.5723552151918+2.1971617993218397e-16j)
(507.5686605009678-1.2438787991285727e-16j)
(507.5650806586208-3.089669632236614e-16j)
(507.5616180791053+4.3247348771354743e-16j)
(507.55827499156857-5.583935550361483e-17j)
(507.55505346200493-2.911611647315111e-16j)
(507.55195539207614-3.4720271476950727e-16j)
(507.54898251809277+2.28790587648048e-16j)
(507.5461364101674-1.0113267396958525e-16j)
(507.543418471528+8.557186059010889e-17j)
(507.540829938005+3.275166958210906e-16j)
(507.53837187768085-1.6849565934850746e-16j)
(507.5360451907102+5.065420397212972e-16j)
(507.5338506093098-2.6480107280556067e-16j)
(507.53178869791157-1.987365692747771e-16j)
(507.52985985348977-8.523140823513095e-17j)
(507.5280643060503-8.198310909029926e-17j)
(507.5264021192886+2.4222966062083374e-17j)
(507.52487319141676+6.678081666542077e-17j)
(507.5234772561484+2.6357968184830627e-16j)
(507.52221388385595-4.8463118416868035e-17j)
(507.5210824828862+7.532175275420591e-16j)
(507.52008230103735-3.568138137600417e-17j)
(507.51921242719726+1.7082743231916217e-16j)
(507.5184717931394+1.198207703640144e-16j)
(507.5178591754748-1.4664639682460518e-16j)
(507.5173731977591+7.725885145439768e-17j)
(507.5170123327507-1.6695295613153986e-16j)
(507.5167749048188-6.266617817436184e-17j)
(507.5166590924991-1.7026394458216383e-16j)
(507.5166629311953+3.5464099148135777e-16j)
(507.51678431601823+1.4534383345124562e-17j)
(507.5170210047681-5.253395105474216e-16j)
(507.5173706210525+2.0449115181347455e-18j)
(507.51783065753466-6.328734270387221e-17j)
(507.51839847931006+9.018184622103241e-18j)
(507.519071327415+1.929566153455737e-16j)
(507.51984632245046+1.9824962092306432e-16j)
(507.52072046832745-1.4714404504535869e-16j)
(507.52169065613+6.513689228710865e-16j)
(507.52275366808215-3.009770889787049e-16j)
(507.5239061816294-4.17294785960601e-16j)
(507.5251447736164+4.929699455870634e-17j)
(507.5264659245677-3.420447488008359e-16j)
(507.5278660230597+1.6538212350194954e-16j)
(507.5293413701835+2.77257904079892e-16j)
(507.5308881840908+1.7054320317885373e-16j)
(507.5325026046257+1.484963687796268e-16j)
(507.53418069802433+8.10000712904579e-16j)
(507.53591846169195-1.2913605403095948e-16j)
(507.5377118290433+9.289276157251307e-17j)
(507.53955667440414+6.310305623995432e-16j)
(507.54144881797123+1.2705138996179431e-17j)
(507.5433840308207-1.554022109858274e-16j)
(507.54535803996305+2.8142058876926407e-16j)
(507.5473665334427+2.1480465659509653e-17j)
(507.5494051654676+3.2280295852442546e-17j)
(507.5514695615766+6.061153113590528e-16j)
(507.55355532382373-8.156950828669006e-17j)
(507.5556580359911-5.505146789417655e-17j)
(507.55777326881105+1.0991216221517377e-16j)
(507.5598965852011-1.3373320385747603e-16j)
(507.562023545501+1.8322397875318214e-16j)
(507.5641497127099+2.224341039435838e-16j)
(507.5662706577179+2.0817848727715292e-16j)
(507.5683819645264+1.8349178044740236e-16j)
(507.570479235447+8.347820323431866e-16j)
(507.5725580962857+1.3785285484051495e-16j)
(507.5746142014944+5.571912915678081e-17j)
(507.5766432392913+3.258017811485143e-16j)
(507.57864093674345+7.998189021748162e-17j)
(507.5806030648064+2.458932920880447e-16j)
(507.58252544331793-4.185901497971588e-17j)
(507.58440394593265+3.6833366492065275e-17j)
(507.5862345050071+1.4441256667564582e-16j)
(507.5880131164144+5.051210951280406e-16j)
(507.5897358442946-2.9788580352472786e-16j)
(507.59139882572975-2.0048278803251143e-16j)
(507.5929982753472+1.2524228285382827e-16j)
(507.59453048983215-9.581208847386176e-17j)
(507.5959918523595-1.6878082777180715e-16j)
(507.59737883693344+5.1598287346155443e-17j)
(507.59868801262985-3.2486063727564717e-16j)
(507.5999160477381-4.2345989937063476e-17j)
(507.60105971380096+3.7629531272046535e-16j)
(507.602115889546-8.123732988211827e-17j)
(507.60308156469904-2.8788481003502925e-16j)
(507.6039538436898+7.75477493639621e-17j)
(507.6047299492309-1.8985338150753816e-16j)
(507.6054072257741+1.705176029404807e-16j)
(507.60598314284306+6.676604678637981e-16j)
(507.60645529822824+4.470548244593632e-16j)
(507.60682142105475+2.349881910259905e-16j)
(507.60707937470744+1.1950601885621082e-15j)
(507.6072271596198+3.138846603160717e-17j)
(507.60726291591436+1.2450562580466351e-16j)
(507.60718492590377-1.5631393136864202e-16j)
(507.60699161643635+3.2184916780091967e-16j)
(507.6066815610957+2.92955928968837e-16j)
(507.6062534822435+4.47562182535571e-16j)
(507.6057062529078-6.249200251439805e-17j)
(507.6050388985136-2.581193850798111e-16j)
(507.6042505984561+5.803773391440039e-16j)
(507.6033406875059-8.032307633746048e-18j)
(507.60230865706075-2.0126505101968488e-16j)
(507.6011541562227-2.910134351838966e-16j)
(507.5998769927204+2.2897622678821654e-16j)
(507.59847713365707-1.6745926569300023e-16j)
(507.5969547060918+6.958747362181519e-17j)
(507.595309997459+2.125695574331e-16j)
(507.59354345580925-7.346759754861341e-17j)
(507.5916556898903+5.468072001562183e-16j)
(507.5896474690513-2.325563271703424e-16j)
(507.58751972298194-2.1862953449633095e-16j)
(507.5852735412806-1.5354745737121744e-16j)
(507.58291017285364-1.7373023104669383e-16j)
(507.5804310251447+1.0773518303923851e-16j)
(507.5778376631985+1.5800199401026409e-16j)
(507.5751318085536+2.141699775059505e-16j)
(507.5723153379714+9.936560635410156e-18j)
(507.5693902819982+8.459359837403852e-16j)
(507.5663588233642-7.266144381712078e-17j)
(507.56322329521817+1.1803841811585602e-16j)
(507.5599861792028+6.700225126874019e-17j)
(507.5566501033671-1.7490451354628278e-16j)
(507.553217839926+1.1053034219570426e-16j)
(507.5496923028593-9.162512562109254e-17j)
(507.54607654536215-1.0327910282554261e-16j)
(507.5423737571383-7.93136087322837e-17j)
(507.53858726155124+4.419638357155052e-16j)
(507.5347205126239+1.0652145521196731e-16j)
(507.5307770918997-5.163430298257181e-16j)
(507.5267607051591+1.902757794323152e-16j)
(507.52267517900134-1.2063878772401436e-16j)
(507.5185244572931+1.341017615451983e-16j)
(507.5143125974814+2.530852463176426e-16j)
(507.51004376678725+2.1014364386041492e-16j)
(507.50572223826765+7.764397043891844e-17j)
(507.50135238676233+6.885399300670581e-16j)
(507.4969386847233-2.915319599367925e-16j)
(507.49248569793207-3.858204303912257e-16j)
(507.48799808110687+1.0802951545729656e-16j)
(507.4834805734107-3.880689637801796e-16j)
(507.4789379938538+5.198259981219582e-17j)
(507.4743752366037+1.75466747078759e-16j)
(507.4697972662073+1.636111998697113e-16j)
(507.46520911271904+1.6752007773620864e-16j)
(507.4606158667557+7.862344488445796e-16j)
(507.4560226744668-2.2170546269350313e-16j)
(507.4514347324403-8.510668916943248e-17j)
(507.44685728253364+5.938938782807595e-16j)
(507.4422956066483-2.110927270515359e-17j)
(507.437755021444-1.146621724566317e-16j)
(507.43324087300016+3.8738355021806077e-16j)
(507.42875853143363+3.619902344841469e-17j)
(507.4243133854713+1.3430334178080488e-16j)
(507.419910836986+6.850708370596504e-16j)
(507.4155562955034-6.784781197201304e-17j)
(507.4112551726816-1.6522029260621783e-16j)
(507.407012876767+1.443769122920067e-16j)
(507.4028348070417-1.8939730531426076e-16j)
(507.398726348252+2.477649105096207e-16j)
(507.39469286504004+1.8990397706849687e-16j)
(507.3907396963718+3.2716407132189346e-16j)
(507.3868721499721+2.374365231269371e-16j)
(507.38309549677024+1.0654176963234525e-15j)
(507.3794149653659+1.923453320716007e-16j)
(507.37583573651375+2.8648832473965706e-17j)
(507.3723629376378+3.178788630548616e-16j)
(507.36900163737624+1.2658109687120235e-16j)
(507.3657568401696+2.4255433022725833e-16j)
(507.3626334808864+7.215411731705844e-17j)
(507.35963641950286+3.89928660660495e-17j)
(507.3567704358336+2.5072210198228886e-16j)
(507.35404022432414+6.435316581972042e-16j)
(507.3514503889035-2.80047573891966e-16j)
(507.34900543791287-9.491049869041346e-17j)
(507.3467097791028+3.000480217151173e-16j)
(507.34456771471275-7.020665599609253e-17j)
(507.3425834366337-1.1329232152435092e-16j)
(507.340761021661+4.592600719784082e-17j)
(507.3391044268409-3.3634838611549944e-16j)
(507.33761748491446-2.880329472982855e-17j)
(507.33630389986394+3.911828255822384e-16j)
(507.33516724257044+1.3671305907505348e-17j)
(507.33421094657683-2.4189879895558663e-16j)
(507.33343830397354+1.792879701319748e-16j)
(507.33285246139906-8.418513007217409e-17j)
(507.3324564161667+3.4362027123380104e-16j)
(507.3322530125226+7.550233073854068e-16j)
(507.33224493802635+5.781948777882545e-16j)
(507.33243472007985+2.9635603758012886e-16j)
(507.33282472258395+1.1680125656444745e-15j)
(507.33341714274485+1.358773368942469e-16j)
(507.33421400802206+2.942792042275882e-16j)
(507.33521717322697-1.19675625689051e-16j)
(507.33642831777547+4.2097358094965015e-16j)
(507.33784894309093+2.2861122502669205e-16j)
(507.33948037016785+4.4114139936831657e-16j)
(507.3413237372954-8.130175786275826e-18j)
(507.3433799979433-2.6016430894132336e-16j)
(507.34564991881183+6.074900814490925e-16j)
(507.3481340780498+5.581116210676974e-17j)
(507.35083286364045-1.5442806573420449e-16j)
(507.3537464719611-3.060080128299987e-16j)
(507.35687490651145+2.7112617876727406e-16j)
(507.3602179768175-3.141318452351476e-16j)
(507.3637752975122+9.636676502017558e-17j)
(507.36754628759076+4.831531340216663e-17j)
(507.37153016984394+4.251583333253515e-17j)
(507.3757259704696+5.986621045026728e-16j)
(507.3801325188652-1.761203701734819e-16j)
(507.38474844759696-1.8280760725703046e-16j)
(507.3895721925507-1.464021258715475e-16j)
(507.39460199326214-1.4204251271177326e-16j)
(507.39983589342785+1.8061140723458117e-16j)
(507.40527174159615+1.7042557155205866e-16j)
(507.4109071920365+1.1755727629876955e-16j)
(507.41673970578955+6.235889660784379e-17j)
(507.4227665518943+9.861762061133528e-16j)
(507.428984808794-2.7473845500762062e-17j)
(507.43539136591784+1.4134363105208718e-16j)
(507.441982925438+1.474032590520155e-16j)
(507.44875600420124-7.822310901354934e-18j)
(507.45570693583375+1.5059254250721626e-16j)
(507.46283187301475-8.930276244881047e-18j)
(507.4701267899205-1.674303902085464e-17j)
(507.47758748483716+6.395045742177538e-17j)
(507.48520958293625+5.943352708088091e-16j)
(507.492988539211+1.8460608274330048e-16j)
(507.50091964157855-3.4046347894215733e-16j)
(507.5089980141356+4.577004397106312e-16j)
(507.51721862056826-1.1462929877693541e-16j)
(507.52557626771716+2.3283053435742367e-16j)
(507.5340656092891+3.840440529486149e-16j)
(507.54268114971563+2.0157962327098303e-16j)
(507.55141724815167+2.210040776046855e-16j)
(507.56026812261643+7.290301661518223e-16j)
(507.5692278542672-1.9942085453657596e-16j)
(507.57829039180587-3.47967422911002e-16j)
(507.5874495560122+1.5125355159241207e-16j)
(507.59669904440227-3.017430889534547e-16j)
(507.6060324360047-1.0587862699598995e-16j)
(507.6154431962556+8.241764828073468e-17j)
(507.6249246819993+1.276064774246927e-16j)
(507.6344701466005+8.915865697926694e-17j)
(507.6440727451593+6.79194534621255e-16j)
(507.6537255398166-2.864534096187673e-16j)
(507.6634215051629-3.1431580128391457e-16j)
(507.67315353372396+4.730329826912147e-16j)
(507.6829144415407-4.541612988721872e-17j)
(507.6926969738159-5.916882194070759e-17j)
(507.70249381064446+4.321320975816833e-16j)
(507.7122975728053-1.6221266413873846e-17j)
(507.7221008276158+1.8073485238173616e-16j)
(507.7318960948484+7.243167741781514e-16j)
(507.7416758526936-3.719402667005507e-17j)
(507.7514325437762-2.0186688045986852e-16j)
(507.76115858120534+2.1271415266348393e-16j)
(507.77084635466764-2.17980880273528e-16j)
(507.7804882365462+1.6327993222476633e-16j)
(507.79007658806563+1.1888745688195318e-16j)
(507.7996037654577+3.860632982598814e-16j)
(507.80906212613996+2.0600716791329962e-16j)
(507.81844403489947+1.1094709874545877e-15j)
(507.82774187008687+1.0199006716670577e-16j)
(507.8369480297977+6.336198261950561e-17j)
(507.8460549380531+2.7893521584371566e-16j)
(507.85505505096086+5.229334405619512e-17j)
(507.8639408628594+1.2902639985197218e-16j)
(507.87270491243663+1.7795491219383124e-16j)
(507.8813397888145+9.479093687475624e-18j)
(507.8898381376001+2.6794246959069e-16j)
(507.89819266689517+6.730695430243622e-16j)
(507.9063961532546-2.166681296522071e-16j)
(507.91444144759384+1.0418640663694755e-17j)
(507.9223214810397+4.918667643214115e-16j)
(507.93002927071393+3.674267105775499e-18j)
(507.93755792545045-1.8513765146730723e-16j)
(507.9449006514367-1.2334504951119287e-16j)
(507.9520507577776-4.4402495747665747e-16j)
(507.95900166197157-1.7038768942229265e-16j)
(507.9657468953008+3.710928809675778e-16j)
(507.9722801081251+8.59129101496077e-18j)
(507.978595075076-1.9727146158083264e-16j)
(507.9846857001486+2.0514200284625262e-16j)
(507.9905460216831-8.857768831001952e-17j)
(507.99617021723344+2.537302466387508e-16j)
(508.00155260831923+6.98213423730819e-16j)
(508.0066876650533+5.621650134271492e-16j)
(508.0115700106462+2.9795652819300005e-16j)
(508.016194425776+1.0277559914172323e-15j)
(508.02055585282835+1.2591540225735602e-16j)
(508.02464939999373+3.148610358510345e-16j)
(508.0284703452257-9.005608882304474e-17j)
(508.0320141400522+3.9975722258675687e-16j)
(508.03527641323615+1.2920548246700785e-16j)
(508.03825297428654+3.030678213207847e-16j)
(508.0409398168115-8.449851828902552e-17j)
(508.04333312171076-3.683484072855549e-16j)
(508.0454292602119+4.654600361248472e-16j)
(508.0472247967349-4.32457344574292e-17j)
(508.04871649159463-2.386729402052527e-16j)
(508.0499013035305-2.913248581068043e-16j)
(508.05077639206564+1.523780224234534e-16j)
(508.05133911969153-4.5008741702103e-16j)
(508.0515870538754-4.012001148707267e-17j)
(508.05151796889-1.2720188011997877e-16j)
(508.05112984746387-4.1164989073850126e-17j)
(508.0504208822505+4.793471992377928e-16j)
(508.0493894771141-2.1633040589955227e-16j)
(508.04803424822984-3.811627028752601e-16j)
(508.0463540250046-2.570035269058251e-16j)
(508.04434785080525-2.0008575642593932e-16j)
(508.04201498350625-7.527927714217006e-18j)
(508.0393548958455-2.723271397340504e-17j)
(508.0363672755978+3.314327781847232e-17j)
(508.03305202555714-1.1452213623996164e-16j)
(508.02940926333343+8.333454553673027e-16j)
(508.02543932096336-7.563827797741432e-17j)
(508.0211427443298-5.598390196970899e-17j)
(508.0165202924015+1.1638826566603792e-16j)
(508.01157293628313+4.593620071213708e-17j)
(508.0063018580812+1.0463087159255836e-16j)
(508.000708449588+1.7171830307312383e-17j)
(507.9947943107818-2.3090251385017235e-18j)
(507.9885612481475-5.683090634618553e-17j)
(507.9820112728163+5.675032612400546e-16j)
(507.97514659853016+2.2814047082247196e-16j)
(507.96796963942904-3.47056352032463e-16j)
(507.9604830076659+3.9503557182392157e-16j)
(507.9526895108471-1.3197726721137372e-16j)
(507.9445921493096-4.772177622161125e-18j)
(507.9361941132261+1.733691487931802e-16j)
(507.92749877955157+1.1597416056384095e-16j)
(507.91850970880347+2.5701122200469483e-16j)
(507.90923064169027+4.483551685819652e-16j)
(507.899665495581-1.562304705330571e-16j)
(507.88981836082536-5.682722147025865e-16j)
(507.87969349692486-5.111096589165497e-17j)
(507.8692953285617-3.0126413720882255e-16j)
(507.8586284414853-3.2481381816749293e-16j)
(507.84769757826103-1.7166497047162962e-16j)
(507.8365076338927-5.333746089442527e-18j)
(507.8250636513054-1.8495026339903949e-16j)
(507.81337081671575+3.460331952366821e-16j)
(507.8014344548732-3.358787981958403e-16j)
(507.78926002419036-7.027262628475407e-16j)
(507.77685311176145+1.7673482108685904e-16j)
(507.764219428273-1.6518416628049504e-16j)
(507.7513648028158-1.2411825525047244e-16j)
(507.7382951775962+3.070895998682277e-16j)
(507.72501660255955-7.151144628604693e-17j)
(507.7115352299241+7.267982309462706e-17j)
(507.6978573086354+5.417872474649076e-16j)
(507.6839891787405-4.2454088816965597e-17j)
(507.6699372656972-3.66235533496062e-16j)
(507.65570807461245+1.0279953803375516e-16j)
(507.6413081844204-2.398145565753349e-16j)
(507.626744242009-1.3745202925136116e-16j)
(507.61202295629283+1.6296742526744593e-17j)
(507.5971510922473+3.723484103251134e-16j)
(507.582135464897+2.7150532244714027e-17j)
(507.5669829332791+9.178152208482474e-16j)
(507.5517003943758+2.914395288599784e-17j)
(507.5362947770227-3.087081594605517e-17j)
(507.5207730358102+1.4649591368544106e-16j)
(507.5051421449631-1.3243354703683228e-17j)
(507.48940909222716+8.038014463484108e-18j)
(507.4735808727491+1.183587535662205e-16j)
(507.4576644829683-6.432541237803483e-18j)
(507.44166691452+2.0597131737437297e-16j)
(507.42559514815594+5.684709950019251e-16j)
(507.4094561476914-1.2271895748057656e-16j)
(507.3932568539812-1.2043546952649084e-16j)
(507.37700417893126+5.00972034562408e-16j)
(507.3607049995518+5.932126893410542e-17j)
(507.3443661520552-2.0055548242427317e-16j)
(507.3279944260112-2.024223559609333e-16j)
(507.3115965585531-4.148070618707568e-16j)
(507.29517922865296-1.736391315148294e-16j)
(507.27874905146166+4.2572205526957203e-16j)
(507.26231257272406+1.6072105287102811e-16j)
(507.24587626327383-1.8219113012985546e-16j)
(507.2294465136099+3.200217677171851e-16j)
(507.2130296285662+4.1346083885913824e-17j)
(507.1966318220699+1.892035311893616e-16j)
(507.1802592120045+6.269512091250791e-16j)
(507.16391781517314+5.538406204351784e-16j)
(507.1476135423712+2.9139946506319763e-16j)
(507.131352193571+8.4693542197823295e-16j)
(507.1151394532276+2.264983239404822e-16j)
(507.0989808857015+2.7211289503412037e-16j)
(507.08288193080955-6.382680898099264e-17j)
(507.0668478995089+4.290901359240482e-16j)
(507.05088396971036+6.95170489149988e-17j)
(507.0349951822328+3.1223253711042995e-16j)
(507.0191864368983+4.307981487305746e-17j)
(507.0034624887734-2.8546936934487217e-16j)
(506.98782794455906+3.652105840231309e-16j)
(506.9722872591316+2.2563612924305604e-17j)
(506.9568447322394-1.175990094517631e-16j)
(506.9415045053607-1.0762405403996377e-16j)
(506.9262705587178+2.1997448360398624e-16j)
(506.91114670845855-4.7512998829243e-16j)
(506.89613660400306-5.860757136447106e-17j)
(506.88124372556-1.4248549586090979e-16j)
(506.8664713818123+1.9699990539987665e-17j)
(506.8518227077774+4.121065268709817e-16j)
(506.8373006628425-2.12142097989084e-16j)
(506.82290802897614-4.0634230547197518e-16j)
(506.8086474091164-1.6935382542485576e-16j)
(506.7945212257428-1.7122226254043986e-16j)
(506.78053171962375-5.206991648093098e-17j)
(506.7666809487509-3.228955787719675e-17j)
(506.7529707874525+1.009194699325006e-16j)
(506.73940292569114-8.888979498332478e-17j)
(506.72597886854805+8.2295367607280135e-16j)
(506.7126999358859+1.2799313861553756e-16j)
(506.69956726220255-1.1618215561447206e-16j)
(506.68658179666295+3.030888525189961e-16j)
(506.6737443033204+2.323865203666054e-16j)
(506.66105536151827+2.4226979915984315e-16j)
(506.6485153664749+1.0078547285581335e-16j)
(506.6361245300526+1.7524947847614906e-16j)
(506.6238828817066-7.092041400891719e-17j)
(506.6117902696154+6.644393631929723e-16j)
(506.59984636198897+4.488921401642254e-16j)
(506.588050648556-2.85062099215084e-16j)
(506.5764024422255+4.905271777277438e-16j)
(506.5649008809235+4.493892803993934e-18j)
(506.5535449296029-2.7157153607074447e-17j)
(506.5423333824212+7.768734341878242e-17j)
(506.5312648650872+1.6385604753025929e-16j)
(506.52033783737426+4.222912289330613e-16j)
(506.50955059579417+3.3173699345473793e-16j)
(506.49890127643073+4.210868629634909e-17j)
(506.4883878579332-5.86152717263947e-16j)
(506.4780081646609+2.710260789406062e-17j)
(506.46775986997983-2.153822741938411e-16j)
(506.4576404997053-1.9971458625546386e-16j)
(506.447647435689-7.965731001526178e-17j)
(506.43777791954756+3.146866868566668e-17j)
(506.4280290565247-1.136124869826871e-16j)
(506.4183978194884+3.323737838073267e-16j)
(506.4088810530522-1.6917286933458808e-16j)
(506.3994754778273-6.510959689662903e-16j)
(506.3901776947861+2.828874226591501e-16j)
(506.380984189749-7.65478337426017e-17j)
(506.37189133797733+5.178320347326075e-17j)
(506.36289540887134+3.1423161471091145e-16j)
(506.3539925707733-5.673961121566495e-17j)
(506.34517889586675+1.6993709043210055e-16j)
(506.33645036516265+5.095667056834057e-16j)
(506.32780287357855+4.891062571064066e-17j)
(506.319232235093-3.4012161768986294e-16j)
(506.3107341879821+1.5234085556742427e-16j)
(506.302304400121-1.6844887475017622e-16j)
(506.2939384743568-2.590254231067327e-16j)
(506.28563195393536+1.1063349758703572e-16j)
(506.2773803279892+3.8900794691979306e-16j)
(506.26917903707005+1.3715738975481875e-16j)
(506.2610234787257+7.806246058906601e-16j)
(506.252909013117+4.543581973274414e-17j)
(506.2448309686644-2.4074644415317083e-17j)
(506.2367846477238+1.729471034377817e-16j)
(506.22876533227964-5.866718025823268e-17j)
(506.2207682896574+5.4024696123440684e-17j)
(506.2127887782435+5.3215076096781633e-17j)
(506.2048220532074+3.6066341368556894e-17j)
(506.19686337222436+2.2876713047320136e-16j)
(506.1889080011899+5.220389584073857e-16j)
(506.1809512199172-6.832419170721924e-17j)
(506.17298832782103-1.9118628127826416e-16j)
(506.16501464957213+5.255882149349882e-16j)
(506.15702554072186+1.8220732985080657e-17j)
(506.14901639329094-1.5469716101120473e-16j)
(506.1409826413186-1.8217314500859056e-16j)
(506.13291976635725-4.688877995147679e-16j)
(506.1248233029223-6.978223933876673e-17j)
(506.116688843878+4.667957096778563e-16j)
(506.10851204575937+2.0206181329220998e-16j)
(506.10028863403005-2.366216937427912e-16j)
(506.0920144082562+3.769222895314525e-16j)
(506.08368524721027+1.513832149461768e-17j)
(506.0752971138827+1.5387168574679085e-16j)
(506.06684606040733+5.846310310685874e-16j)
(506.05832823288864+5.021949995411484e-16j)
(506.04973987613323+4.693638715501212e-16j)
(506.0410773382719+7.982580682963069e-16j)
(506.03233707527494+3.089321469983975e-16j)
(506.02351565535423+3.3159482783865453e-16j)
(506.0146097632451-1.650634818602131e-17j)
(506.00561620436457+3.6254037731737076e-16j)
(505.9965319088461+6.845713432335057e-17j)
(505.98735393543967+3.493189197899293e-16j)
(505.9780794752796+6.865338516621961e-17j)
(505.96870585551017-2.0888248439878887e-16j)
(505.9592305427735+2.7350757895303887e-16j)
(505.94965114654696+1.693812185981487e-17j)
(505.9399654223325-7.662846871450438e-17j)
(505.93017127469426-6.636190007437512e-17j)
(505.9202667601395+6.538110516285834e-17j)
(505.9102500898402-3.865369848051677e-16j)
(505.90011963219416-3.627132633354034e-17j)
(505.8898739152202-1.3515199812216776e-16j)
(505.8795116287906+9.836349820826493e-17j)
(505.86903162668733+3.5940830531768554e-16j)
(505.8584329284965-1.3984624094513056e-16j)
(505.84771472132076-3.452229143274626e-16j)
(505.8368763613223-4.041621202803429e-17j)
(505.8259173750898-2.318637693275024e-16j)
(505.81483746082137-2.2361259070460604e-17j)
(505.803636489337+2.4548750290131605e-17j)
(505.79231450490227+8.427087482582245e-17j)
(505.780871725876-2.0681193036462164e-17j)
(505.7693085451761+7.916856189894137e-16j)
(505.75762553055904+3.0219445786454256e-16j)
(505.74582342472047-1.8309260253509473e-16j)
(505.73390314520987+2.9874314409724407e-16j)
(505.7218657841643+2.1271178710188094e-16j)
(505.70971260785825+2.373148008764605e-16j)
(505.6974450560702+1.2874740113989777e-16j)
(505.68506474126883+1.6617018776536801e-16j)
(505.6725734476173-5.013196473048249e-17j)
(505.6599731297956+6.2243306697218005e-16j)
(505.6472659116465+4.859640447969775e-16j)
(505.6344540846422-2.868053647379652e-16j)
(505.62154010617115+5.22249876741745e-16j)
(505.6085265976568-6.649315572855419e-17j)
(505.59541634249695-9.517435681392333e-17j)
(505.5822122838346-3.632514560071245e-17j)
(505.56891752215887+2.2170481521445593e-16j)
(505.5555353127399+4.91507948196125e-16j)
(505.54206906289977+1.6597279212941889e-16j)
(505.5285223291181+9.176842628557398e-17j)
(505.5148988139852-5.670226110353951e-16j)
(505.5012023629924+3.058102109730925e-17j)
(505.4874369611753-2.1563851954037464e-16j)
(505.47360672960195-2.1546041062234384e-16j)
(505.4597159217207-3.2928240148850764e-17j)
(505.44576891955995+6.595685595882782e-17j)
(505.4317702297928+4.472232257980491e-21j)
(505.41772447966395+2.8123576965955173e-16j)
(505.4036364127878-1.6153694972918116e-16j)
(505.38951088481735-6.24207263432024e-16j)
(505.37535285899247+3.0646518413580905e-16j)
(505.36116740156746+3.382443927659483e-17j)
(505.34695967712605+1.3156577177625698e-16j)
(505.3327349437867+3.0388425753622005e-16j)
(505.3184985483036-1.8473828322686588e-17j)
(505.3042559210658+2.1854597037177815e-16j)
(505.29001257100555+3.3320687419677346e-16j)
(505.27577408041054+1.3144537118798678e-17j)
(505.26154609965687-3.493387727603722e-16j)
(505.2473343418603+1.60987667274441e-16j)
(505.23314457745226-1.2974967905613727e-16j)
(505.21898262868564-2.9621622548371496e-16j)
(505.2048543640807+1.4180508885755855e-16j)
(505.1907656928098+2.8173070122512664e-16j)
(505.17672255902954+1.8542536921394373e-16j)
(505.1627309361666+6.607981605126912e-16j)
(505.14879682116174+7.366651888709845e-17j)
(505.1349262286771-4.9324684363373405e-17j)
(505.1211251852752+1.5638930151426364e-16j)
(505.1073997235716+1.6185657569714412e-17j)
(505.09375587637095+1.378306498271115e-16j)
(505.0801996707868-6.710229554668487e-17j)
(505.06673712235846-5.489257185330137e-17j)
(505.05337422916426+1.4737089805310724e-16j)
(505.0401169659397+3.4104804775062584e-16j)
(505.02697127820574-1.6922549441519654e-16j)
(505.0139430764142-2.0928016573640963e-16j)
(505.00103823011466+5.231262986150293e-16j)
(504.98826256214903+5.3415245438846144e-17j)
(504.9756218428781-6.106415521670305e-17j)
(504.96312178445146-1.2476623267870457e-16j)
(504.9507680351186-4.054741747799223e-16j)
(504.9385661735907+2.9251642294431816e-17j)
(504.92652170346173+3.359416603152111e-16j)
(504.9146400476856+2.1211043578031977e-16j)
(504.90292654312816-2.0706694241412831e-16j)
(504.89138643518305+4.684956662017351e-16j)
(504.8800248724727+2.1598339109285274e-16j)
(504.86884690162856+2.753939521751495e-16j)
(504.85785746216106+5.873941955142162e-16j)
(504.84706138142195+5.010773414439255e-16j)
(504.8364633696661+6.026736482842282e-16j)
(504.82606801521615+6.065423372264383e-16j)
(504.8158797797355+2.632881701964765e-16j)
(504.80590299361546+4.591040376961832e-16j)
(504.7961418514766+5.237403666431655e-17j)
(504.7866004077945+4.707005070915247e-16j)
(504.7772825726532+1.0622461810077343e-16j)
(504.76819210762585+3.0139013934440465e-16j)
(504.75933262179126+1.1137309340547645e-16j)
(504.7507075678914-1.7059691492388295e-16j)
(504.7423202386296+9.951185783676675e-17j)
(504.73417376311176+1.5517194865268369e-16j)
(504.726271103446+9.378720514858616e-17j)
(504.7186150514857+5.843916615073612e-17j)
(504.71120822573636+1.3413583329610083e-16j)
(504.7040530684187-1.3560779198383083e-16j)
(504.69715184269535+1.2332181803172542e-16j)
(504.69050663006226-9.717299640653933e-17j)
(504.6841193279094+2.284226273849184e-16j)
(504.6779916472521+3.6985403835533944e-16j)
(504.6721251106327-1.1911583165835099e-17j)
(504.6665210502009-7.956496793566743e-17j)
(504.6611806059693+1.979652957383149e-16j)
(504.6561047242461-1.0014596074590124e-16j)
(504.6512941562532+2.3179048247162815e-16j)
(504.6467494569214+1.9142345097756029e-16j)
(504.6424709838703+1.8243681480182174e-16j)
(504.63845889657244+1.7254402533114582e-16j)
(504.63471315570575+8.918434865676627e-16j)
(504.6312335226857+4.436444899152365e-16j)
(504.62801955939096+6.191388370259356e-17j)
(504.6250706280697+4.4249662008004893e-16j)
(504.62238589143783+3.436311922314593e-16j)
(504.61996431296154+3.6273122736936005e-16j)
(504.6178046573287+2.4293396747302467e-16j)
(504.6159054911041+2.5982877529522133e-16j)
(504.6142651835751+1.3683449738578672e-16j)
(504.61288190777856+6.489058263373177e-16j)
(504.61175364171305+4.833533896094347e-16j)
(504.61087816973725-2.1523391303709828e-17j)
(504.61025308414725+8.95738569298745e-16j)
(504.6098757869356+1.1599368303047224e-16j)
(504.60974349172955+1.7944632076450109e-16j)
(504.6098532259098+1.2864374101675895e-16j)
(504.61020183289605+4.153443884402658e-16j)
(504.61078597461585+6.328984424781118e-16j)
(504.6116021341375+2.703216519609929e-16j)
(504.6126466184761+2.77957719653091e-16j)
(504.61391556156053-1.8527651374130913e-16j)
(504.61540492736793+4.244402334505237e-16j)
(504.6171105132163+5.774425220818879e-17j)
(504.6190279532152-8.94513151075734e-18j)
(504.6211527218675+2.324604020199318e-16j)
(504.623480137827+2.586829812516892e-16j)
(504.6260053677961+2.5816871286054325e-16j)
(504.62872343057325+3.965113546152308e-16j)
(504.6316292012336-7.644130801374478e-18j)
(504.6347174154515-2.826843865163028e-16j)
(504.6379826739484+6.179000388174517e-16j)
(504.6414194470715+3.6722857361547837e-16j)
(504.6450220794937+4.246930158300734e-16j)
(504.6487847950337+4.538499364260404e-16j)
(504.6527017015864+1.6859108245820812e-16j)
(504.65676679616496+4.1113834232319735e-16j)
(504.66097397004825+4.010607807323484e-16j)
(504.6653170140237+1.452747089890429e-16j)
(504.66978962372826-1.9705355923786992e-17j)
(504.6743854050767+4.782125163944939e-16j)
(504.6790978797748+1.0450847689771504e-16j)
(504.6839204909121-8.286328591558802e-17j)
(504.6888466086269+3.169433300629473e-16j)
(504.6938695358395+3.981471271905001e-16j)
(504.6989825140505+4.593566147528509e-16j)
(504.70417872919325+7.726524209016935e-16j)
(504.7094513175415+2.3303623056822985e-16j)
(504.714793371658+1.6139685527694653e-16j)
(504.72019794639033+4.7487113287882e-16j)
(504.72565806489644+2.741442811960378e-16j)
(504.73116672470053+4.837010519865571e-16j)
(504.73671690377233+1.2133427904802362e-16j)
(504.7423015666256+1.425189476918787e-16j)
(504.7479136704238+2.725885793599518e-16j)
(504.7535461710999+5.184741821075144e-16j)
(504.7591920294642+6.769203041990006e-18j)
(504.76484421732073+1.3398787082677168e-16j)
(504.77049572356003+9.108330020121837e-16j)
(504.7761395602416+3.505662286753217e-16j)
(504.7817687686508+3.2128533828126634e-16j)
(504.78737642532906+1.1213507435913555e-16j)
(504.79295564806705-9.383705342461403e-17j)
(504.7984996018587+2.787577232950874e-16j)
(504.8040015048129+4.3519570789293126e-16j)
(504.80945463400735+4.021398222328982e-16j)
(504.8148523312905+9.974248569096125e-17j)
(504.8201880090218+8.610679460225972e-16j)
(504.8254551557399+5.854969349462174e-16j)
(504.830647341761+6.058680954104579e-16j)
(504.83575822470056+8.548685705456044e-16j)
(504.84078155490516+7.023977898950745e-16j)
(504.84571118080413+1.0177753113776468e-15j)
(504.85054105415986+7.707960206242422e-16j)
(504.85526523522606+3.9379513022601284e-16j)
(504.85987789779756+7.127245579088862e-16j)
(504.8643733341553+5.514132223446681e-16j)
(504.8687459598968+7.000911012441689e-16j)
(504.8729903186501+4.505502540197011e-16j)
(504.87710108666863+5.413239576158719e-16j)
(504.88107307729376+2.817810363682066e-16j)
(504.88490124529415+4.9278189542257434e-17j)
(504.8885806910667+1.8837056724372154e-16j)
(504.89210666470274+4.533953428390099e-16j)
(504.8954745699102+3.3240920606868274e-16j)
(504.8986799677902+4.276432115349546e-16j)
(504.90171858046796+3.9105796688872594e-16j)
(504.9045862945676+2.955641146774221e-16j)
(504.907279164535+4.481522471234482e-16j)
(504.90979341580066+1.148011843099229e-16j)
(504.9121254477809+4.861172273855578e-16j)
(504.9142718367185+5.906427672026293e-16j)
(504.9162293383519+3.33253963004356e-16j)
(504.91799489041847+2.0969081441658205e-16j)
(504.91956561498836+6.365593407353355e-16j)
(504.9209388206209+7.074170123700652e-17j)
(504.9221120043495+5.670456641589675e-16j)
(504.9230828534899+5.699553302108472e-16j)
(504.9238492472657+4.816814316545485e-16j)
(504.9244092582607+4.674938966533066e-16j)
(504.92476115368487+1.10069542175182e-15j)
(504.9249033964621+7.516670734199285e-16j)
(504.92483464613275+3.7488484519119e-16j)
(504.9245537595744+7.409651331468642e-16j)
(504.9240597915377+4.988112048667822e-16j)
(504.9233519949984+6.350619359918617e-16j)
(504.9224298213253+5.712884343924532e-16j)
(504.92129292026215+4.835540682193742e-16j)
(504.91994113972686+4.557532876990667e-16j)
(504.9183745254287+8.089978513683123e-16j)
(504.916593320298+6.750697762503492e-16j)
(504.9145979637364+2.91555422401243e-16j)
(504.9123890906849+1.2877072416592639e-15j)
(504.9099675305116+4.1609342866370276e-16j)
(504.90733430571925+5.249659947359341e-16j)
(504.90449063047623+3.4646455852348025e-16j)
(504.90143790897093+6.460647667948227e-16j)
(504.89817773359147+9.40636247148036e-16j)
(504.89471188293305+4.207601067006488e-16j)
(504.8910423196359+5.590034094857523e-16j)
(504.88717118805226+1.718266650156154e-16j)
(504.8831008117528+8.711315135095851e-16j)
(504.8788336908628+2.944856905072068e-16j)
(504.87437249924653+3.1608176053939955e-16j)
(504.8697200815255+4.571772045109729e-16j)
(504.8648794499498+3.8558632201555075e-16j)
(504.85985378111184+5.292800934629956e-16j)
(504.8546464125177+5.218488623471547e-16j)
(504.84926083900945+3.381101924282133e-16j)
(504.8437007090491+1.279940810283591e-16j)
(504.83796982086574+8.46931151178589e-16j)
(504.8320721184675+7.121752121698101e-16j)
(504.8260116875253+7.324030761365093e-16j)
(504.81979275113184+6.7728534331596e-16j)
(504.8134196654392+4.570127097152171e-16j)
(504.8068969151788+7.173998159796827e-16j)
(504.80022910907115+5.516184797652184e-16j)
(504.7934209751258+3.8511316418184335e-16j)
(504.78647735583945+2.7640474828266184e-16j)
(504.77940320329736+7.967708097375744e-16j)
(504.7722035741772+4.000633706447411e-16j)
(504.76488362466773+8.361422605005876e-17j)
(504.7574486053032+5.898973150658055e-16j)
(504.749903855719+6.302527730571971e-16j)
(504.74225479933295+8.355416521217945e-16j)
(504.7345069379604+8.900477266798895e-16j)
(504.7266658463649+4.585621013608171e-16j)
(504.71873716675265+3.2442153333058955e-16j)
(504.71072660321255+7.477936751471576e-16j)
(504.70263991611137+5.089460627656213e-16j)
(504.69448291644755+8.433199752339881e-16j)
(504.6862614601672+3.177956057022952e-16j)
(504.67798144245285+4.05624283417911e-16j)
(504.6696487919832+5.988000276220956e-16j)
(504.66126946517767+6.470744487480868e-16j)
(504.65284944042446+2.7840874298183674e-16j)
(504.6443947123019+3.917953893246085e-16j)
(504.6359112857962+1.1736901840790506e-15j)
(504.6274051705225+5.134801110748833e-16j)
(504.6188823749548+7.201398077470076e-16j)
(504.61034890066924+3.97603413644809e-16j)
(504.6018107366078+3.1474212730492675e-16j)
(504.5932738533656+6.439147539747763e-16j)
(504.58474419751025+5.924325106552125e-16j)
(504.576227685937+7.136696046592685e-16j)
(504.56773020026304+4.076641395075343e-16j)
(504.55925758127137+1.212518449441739e-15j)
(504.5508156234045+8.947786383997102e-16j)
(504.542410069316+8.947047845569284e-16j)
(504.53404660448564+1.0878155763370622e-15j)
(504.52573085189795+8.193170854642535e-16j)
(504.5174683667996+1.2981066388487211e-15j)
(504.5092646315262+7.433532476720763e-16j)
(504.501125050419+5.571180377551651e-16j)
(504.49305494482286+8.14914396376296e-16j)
(504.4850595481791+8.723241704243288e-16j)
(504.4771440012145+8.252513633985938e-16j)
(504.4693133472279+7.107513963267957e-16j)
(504.4615725274866+7.132513548673682e-16j)
(504.4539263767284+5.101739223284947e-16j)
(504.44637961878+3.9718595877947016e-16j)
(504.4389368622905+2.428868481229327e-16j)
(504.4316025965884+7.514199710322401e-16j)
(504.42438118766376+5.818848434484315e-16j)
(504.4172768742781+7.730777271632335e-16j)
(504.410293764209+5.971716706475211e-16j)
(504.40343583062884+5.365978017042879e-16j)
(504.3967069086235+6.689972270274419e-16j)
(504.3901106918547+2.754056893538761e-16j)
(504.3836507293666+8.241479504385201e-16j)
(504.37733042253865+6.611156237589341e-16j)
(504.371153022196+4.830832982422228e-16j)
(504.36512162586456+3.7880721815767343e-16j)
(504.3592391751913+9.180654806442197e-16j)
(504.35350845351377+1.3387010713702086e-16j)
(504.3479320835974+6.50902015698994e-16j)
(504.34251252553094+8.867554307010379e-16j)
(504.33725207478545+5.669858581055854e-16j)
(504.3321528604437+7.221379418601903e-16j)
(504.3272168435913+1.1054607033888763e-15j)
(504.3224458158759+8.337485073432762e-16j)
(504.3178413982426+4.420030779184185e-16j)
(504.31340503983193+9.056064617906255e-16j)
(504.30913801705293+4.176877431231487e-16j)
(504.30504143282843+8.771320666886178e-16j)
(504.3011162160098+7.808460158120175e-16j)
(504.29736312096634+4.958395973826621e-16j)
(504.29378272734664+7.524217139014614e-16j)
(504.29037544001386+8.245614956838979e-16j)
(504.28714148914844+7.3501278545870445e-16j)
(504.2840809305304+3.852816447745192e-16j)
(504.2811936459843+1.4100257283052423e-15j)
(504.2784793440025+5.06351595284159e-16j)
(504.27593756053307+7.147338027919506e-16j)
(504.27356765993807+4.89150756561045e-16j)
(504.2713688361186+6.283409092627071e-16j)
(504.26934011380666+1.1879290179259053e-15j)
(504.267480350021+3.709976941473434e-16j)
(504.2657882356845+6.210396538431393e-16j)
(504.26426229740514+2.772416650714025e-16j)
(504.26290089941244+1.0833696412046063e-15j)
(504.26170224565163+2.462819456904711e-16j)
(504.26066438203475+5.971360915218516e-16j)
(504.2597851988395+5.590459020762236e-16j)
(504.25906243325994+3.520077091576583e-16j)
(504.25849367210054+7.616794329258549e-16j)
(504.2580763546205+4.62625269199175e-16j)
(504.25780777550864+5.483592762809147e-16j)
(504.2576850880048+3.68462123710275e-16j)
(504.25770530714885+8.66105910703953e-16j)
(504.25786531316373+7.116466524591898e-16j)
(504.2581618549647+8.556898524618745e-16j)
(504.25859155378976+7.017048099459892e-16j)
(504.2591509069537+3.9758228553920795e-16j)
(504.2598362917143+8.832762075700379e-16j)
(504.26064396925057+4.785828814811234e-16j)
(504.26157008874986+3.5563559687697294e-16j)
(504.2626106915975+2.9975866280889733e-16j)
(504.2637617156653+8.05993156333519e-16j)
(504.26501899969423+3.262803084915179e-16j)
(504.2663782877675+3.1040395501757615e-18j)
(504.2678352338691+6.525491984538926e-16j)
(504.26938540652355+5.758965035068746e-16j)
(504.2710242935101+9.718620610625239e-16j)
(504.2727473066505+6.973042197746558e-16j)
(504.2745497866611+3.1504079030011143e-16j)
(504.2764270080679+2.1715782435505881e-16j)
(504.2783741841773+7.026434892101993e-16j)
(504.2803864720975+2.4643624574101605e-16j)
(504.2824589778095+8.521376526501078e-16j)
(504.28458676127457+3.0527993192882616e-16j)
(504.2867648415832+3.902793511438745e-16j)
(504.28898820212953+7.634454400106135e-16j)
(504.29125179581683+5.013689853927589e-16j)
(504.29355055027935+3.3513190250524537e-16j)
(504.295879373122+3.1444042919498096e-16j)
(504.2982331571695+1.2100246613179438e-15j)
(504.30060678571914+2.579143491999405e-16j)
(504.3029951377958+6.865305085781257e-16j)
(504.30539309339815+3.5908048889549447e-16j)
(504.3077955387372+2.355964898193685e-16j)
(504.3101973714563+7.413248960576594e-16j)
(504.3125935058307+4.321823971428383e-16j)
(504.3149788779424+6.280411389190834e-16j)
(504.3173484508196+3.424705978525587e-16j)
(504.3196972195448+1.1594471369253204e-15j)
(504.3220202163155+6.597320466875928e-16j)
(504.32431251546313+8.164603329086959e-16j)
(504.326569238419+1.041577655387251e-15j)
(504.3287855586206+5.525296087974559e-16j)
(504.3309567063634+1.347725314138334e-15j)
(504.3330779735782+4.540846727293682e-16j)
(504.3351447185453+5.296806000900245e-16j)
(504.33715237052854+6.572146046522452e-16j)
(504.3390964343317+7.892310734247762e-16j)
(504.34097249477077+5.179873763637059e-16j)
(504.34277622105424+7.382249029403534e-16j)
(504.3445033710759+6.739623843331566e-16j)
(504.34614979560564+4.294405168012292e-16j)
(504.3477114423823+5.078160516852113e-16j)
(504.3491843600997+1.285373198926696e-16j)
(504.3505647022833+6.730875050033781e-16j)
(504.35184873105675+4.833027762090086e-16j)
(504.3530328207887+7.045064041448218e-16j)
(504.35411346162255+2.7379236390157566e-16j)
(504.3550872628812+4.739448398185362e-16j)
(504.3559509563462+5.546041621849352e-16j)
(504.35670139940675+1.803615414924507e-16j)
(504.3573355780774+8.199952253989733e-16j)
(504.3578506098768+4.2342670574964496e-16j)
(504.35824374657415+3.514817930697415e-16j)
(504.3585123767882+2.1215017013997176e-16j)
(504.35865402844945+8.189550937887267e-16j)
(504.3586663711107-8.693166999556031e-17j)
(504.35854721811506+4.559257688247505e-16j)
(504.35829452861185+9.406985196648684e-16j)
(504.3579064094195+3.911030034650374e-16j)
(504.3573811167416+6.734792185452105e-16j)
(504.35671705772006+8.130471898209488e-16j)
(504.3559127918362+6.571427501192386e-16j)
(504.3549670321566+1.2864975477660125e-16j)
(504.3538786464167+7.66614170754978e-16j)
(504.35264665794676+1.6066545411049507e-16j)
(504.3512702464389+8.718465139529829e-16j)
(504.3497487485509+7.234363927463846e-16j)
(504.34808165835176+2.6785753947201074e-16j)
(504.34626862760325+7.72806678560809e-16j)
(504.34430946588463+5.729127124273762e-16j)
(504.3422041405478+6.133111597006177e-16j)
(504.3399527765221+2.0556163619013372e-16j)
(504.337555655948+1.2309290639098994e-15j)
(504.33501321765823+3.242780033321055e-16j)
(504.3323260564956+5.596346818979867e-16j)
(504.3294949224733+3.4590882512196046e-16j)
(504.3265207197762+5.078581720489314e-16j)
(504.32340450560895+1.2159343362255532e-15j)
(504.3201474888854+8.138752474513327e-17j)
(504.31675102876636+5.678631815465729e-16j)
(504.31321663304533+1.8525298081773066e-16j)
(504.30954595638343+8.64336579333718e-16j)
(504.3057407983952+3.759589259048347e-17j)
(504.3018031015914+6.209517382379585e-16j)
(504.2977349491743+4.4011568835369524e-16j)
(504.2935385626942+3.1495359126064934e-16j)
(504.28921629956267+8.418575558974041e-16j)
(504.28477065043734+2.3557154840537795e-16j)
(504.280204236463+6.280601275028226e-16j)
(504.2755198063906+3.2415742246365096e-16j)
(504.2707202335627+7.475307028511835e-16j)
(504.26580851277834+6.859126982659458e-16j)
(504.26078775703496+8.161459988899226e-16j)
(504.25566119415214+6.799324926259207e-16j)
(504.250432163282+3.896188131630734e-16j)
(504.24510411130836+8.8710790652812545e-16j)
(504.23968058914096+3.00830723415068e-16j)
(504.23416524790287+4.0568578045045487e-16j)
(504.2285618350226+2.451223809015143e-16j)
(504.2228741902292+7.718677869456736e-16j)
(504.21710624145686+3.1170539418859097e-16j)
(504.21126200066357-1.0240422076484316e-16j)
(504.2053455595672+6.32416442606135e-16j)
(504.199361085302+5.577587751664139e-16j)
(504.19331281600455+9.120001696462957e-16j)
(504.1872050563286+4.964944933190754e-16j)
(504.18104217289806+2.507400076729235e-16j)
(504.1748285896953+1.3485143161954098e-16j)
(504.1685687834019+5.606973280732023e-16j)
(504.16226727868394+2.0896132819795443e-16j)
(504.1559286434327+8.050951630438038e-16j)
(504.1495574839667+3.7985639528640456e-16j)
(504.14315844019825+3.9986890533986295e-16j)
(504.13673618076587+8.623602884276798e-16j)
(504.13029539814875+3.093577210211995e-16j)
(504.12384080374966+4.946253999680273e-16j)
(504.1173771229745+2.289538819990256e-16j)
(504.1109090902913+1.253396949126384e-15j)
(504.10444144428925+2.265157616172764e-16j)
(504.0979789227353+7.035565622955973e-16j)
(504.09152625763676+5.078289919980621e-16j)
(504.0850881703121+3.925409328667839e-16j)
(504.0786693664756+9.222840202181738e-16j)
(504.072274531346+3.520803408785484e-16j)
(504.06590832477355+7.126295599593419e-16j)
(504.05957537640074+4.022713386781428e-16j)
(504.053280280858+1.2607421654574138e-15j)
(504.04702759299585+7.948809814827775e-16j)
(504.04082182316193+8.527328910739457e-16j)
(504.03466743253074+1.0920216398922809e-15j)
(504.02856882848033+5.384800129644361e-16j)
(504.02253036003486+1.4039328101175647e-15j)
(504.0165563133639+2.4044156663535346e-16j)
(504.01065090735375+7.138803257205088e-16j)
(504.00481828924893+6.99087552401967e-16j)
(503.9990625303693+8.306029000853327e-16j)
(503.9933876219104+6.369990330684847e-16j)
(503.9877974708269+7.538696699529485e-16j)
(503.9822958958076+7.812212591793876e-16j)
(503.97688662334036+5.662951792004121e-16j)
(503.9715732838773+8.11748183701648e-16j)
(503.96635940809927+2.1833232656510594e-16j)
(503.96124842328845+8.26926203703853e-16j)
(503.9562436498058+6.261473476140709e-16j)
(503.95134829768165+9.394535611234583e-16j)
(503.94656546332516+4.3856727226417397e-16j)
(503.94189812634795+5.741103046525906e-16j)
(503.9373491465134+5.9841368646868e-16j)
(503.9329212608105+2.603796643594416e-16j)
(503.92861708065413+8.813993663309938e-16j)
(503.9244390892206+3.525901380650113e-16j)
(503.92038963891173+3.892829534016751e-16j)
(503.91647094895865+3.308039696821252e-16j)
(503.9126851031642+8.92016103535961e-16j)
(503.9090340477849+1.2658395267895833e-16j)
(503.90551958955695+5.494197543038749e-16j)
(503.9021433938688+1.1137612934977126e-15j)
(503.8989069830765+5.131046284684707e-16j)
(503.89581173497334+8.654312863000211e-16j)
(503.8928588814051+7.693877300213086e-16j)
(503.8900495070399+8.012980897353362e-16j)
(503.8873845482891+1.790084537639482e-16j)
(503.8848647923833+9.48611564695638e-16j)
(503.8824908766032+4.724837649013095e-16j)
(503.88026328766506+1.0139084129973607e-15j)
(503.87818236126446+8.0386932838015825e-16j)
(503.8762482817746+4.376828505557003e-16j)
(503.8744610821014+9.49708390372697e-16j)
(503.8728206437011+5.643621564411817e-16j)
(503.87132669674764+7.473366561281488e-16j)
(503.8699788204612+4.437609127621985e-16j)
(503.8687764435935+1.4544983977445746e-15j)
(503.8677188450685+6.58640110445269e-16j)
(503.866805154778+5.925390296035626e-16j)
(503.8660343545326+4.711421460506547e-16j)
(503.86540527916776+7.137477909662613e-16j)
(503.86491661780065+1.3174480385916887e-15j)
(503.8645669152384+7.687863607210566e-17j)
(503.8643545735394+7.594603362233726e-16j)
(503.86427785371677+4.1605966855593293e-16j)
(503.8643348775971+9.537680410787273e-16j)
(503.8645236298145+2.492085738285206e-16j)
(503.8648419599572+6.701580574983043e-16j)
(503.86528758484525+6.000924806214783e-16j)
(503.8658580909556+5.266171657344787e-16j)
(503.86655093697436+1.0882427886941254e-15j)
(503.86736345649047+1.831680896178213e-16j)
(503.86829286081377+9.00934932244117e-16j)
(503.86933624192386+4.92774773124623e-16j)
(503.8704905755437+1.046020655914734e-15j)
(503.87175272433427+9.25583762876375e-16j)
(503.87311944120626+8.652933043663759e-16j)
(503.8745873727504+7.685843512729189e-16j)
(503.876153062777+4.739323695647368e-16j)
(503.877812955962+9.962016280363367e-16j)
(503.8795634016024+2.6995750631881264e-16j)
(503.8814006574665+6.361361872069707e-16j)
(503.8833208937449+4.35389645693268e-16j)
(503.8853201970932+9.756861570391254e-16j)
(503.8873945747637+5.157670485691631e-16j)
(503.8895399588178-1.0330597861094916e-16j)
(503.89175221042484+5.897322381419493e-16j)
(503.8940271242334+5.296875380982557e-16j)
(503.89636043281314+9.44249423057642e-16j)
(503.8987478111652+3.335874525576622e-16j)
(503.90118488129565+2.5233409804618304e-16j)
(503.90366721684364+1.5209652583859122e-16j)
(503.90619034776677+6.290136564183281e-16j)
(503.9087497650716+2.947146947829609e-16j)
(503.91134092558946+7.492638209322522e-16j)
(503.9139592567893+3.3749210575354563e-16j)
(503.916600161627+4.639217501207815e-16j)
(503.91925902342075+8.546934412468743e-16j)
(503.9219312107533+2.028275296776708e-16j)
(503.9246120823906+5.838790474406911e-16j)
(503.927296992216+1.6597757584738623e-16j)
(503.92998129417396+1.3174211634444483e-15j)
(503.93266034721665+2.997058325698276e-16j)
(503.9353295202487+6.511496683285001e-16j)
(503.93798419706985+5.676351714508941e-16j)
(503.9406197813029+4.2406637098963593e-16j)
(503.9432317013066+9.402434076979755e-16j)
(503.9458154150688+2.723566802648796e-16j)
(503.9483664150705+6.340049054276666e-16j)
(503.95088023312513+4.2868682100661763e-16j)
(503.9533524451738+1.364112729733853e-15j)
(503.9557786760475+7.752995949277443e-16j)
(503.95815460417845+6.411581361113014e-16j)
(503.9604759662649+9.637616274742597e-16j)
(503.9627385618775+3.989438890407049e-16j)
(503.96493825800786+1.4185020637639957e-15j)
(503.9670709935531+1.1765349138492937e-16j)
(503.9691327837295+7.562874685730169e-16j)
(503.97111972441536+6.646727858527197e-16j)
(503.97302799641284+8.385334131718988e-16j)
(503.9748538696294+6.033644889189315e-16j)
(503.9765937071729+6.36707699588539e-16j)
(503.9782439693553+8.549330026828433e-16j)
(503.97980121759946+4.455105624247655e-16j)
(503.98126211825206+8.321931158250165e-16j)
(503.9826234462897+1.6197396821257623e-16j)
(503.9838820889172+7.257041131729199e-16j)
(503.9850350490613+5.944385374606569e-16j)
(503.986079448744+1.028627521023964e-15j)
(503.9870125323425+4.726003046327911e-16j)
(503.98783166972714+4.459361950517734e-16j)
(503.9885343592755+5.192617841248988e-16j)
(503.9891182307581+8.03786208434809e-17j)
(503.9895810480952+6.02461719213685e-16j)
(503.9899207119814+1.4536309148294231e-16j)
(503.9901352623716+2.871400767812569e-16j)
(503.99022288083+1.5904497825228447e-16j)
(503.9901818927399+7.813475918775815e-16j)
(503.99001076936594+9.337527325948304e-17j)
(503.9897081297766+4.0282286625771554e-16j)
(503.9892727426139+9.552958402801627e-16j)
(503.9887035277162+3.554518670019819e-16j)
(503.98799955758864+7.844662973925006e-16j)
(503.98716005872427+5.241029842444177e-16j)
(503.9861844127643+6.903442217485344e-16j)
(503.98507215751084-4.1786364136838084e-17j)
(503.983822987775+8.248013914173135e-16j)
(503.9824367560733+3.5572117537601807e-16j)
(503.9809134731617+7.710674143725079e-16j)
(503.9792533084139+5.656387678438244e-16j)
(503.9774565900354+2.451298033174668e-16j)
(503.9755238051217+7.744737076913518e-16j)
(503.973455599554+2.425219853475671e-16j)
(503.9712527777333+4.976074219446583e-16j)
(503.96891630215737+2.7654030341636597e-16j)
(503.9664472928358+1.1663563647987822e-15j)
(503.9638470265442+5.753835729200348e-16j)
(503.9611169359214+2.2283951686935834e-16j)
(503.95825860841046+2.6225136735644277e-16j)
(503.9552737850348+5.281790707493309e-16j)
(503.95216435902637+1.1058920312921237e-15j)
(503.94893237429284-1.6132120107578915e-16j)
(503.9455800237359+6.150225457358645e-16j)
(503.9421096474123+2.1170598117740444e-16j)
(503.9385237305475+6.936046451843405e-16j)
(503.9348249014+3.806131164318312e-18j)
(503.93101592897966+2.94903377522757e-16j)
(503.9270997206178+3.6073466225664257e-16j)
(503.9230793194003+2.5076859043280995e-16j)
(503.91895790145577+8.984681291280392e-16j)
(503.9147387731105-1.215063699384848e-16j)
(503.9104253679034+6.89398148652594e-16j)
(503.9060212434754+2.445043880300292e-16j)
(503.90153007832413+7.90118170064455e-16j)
(503.8969556684355+6.455603383634133e-16j)
(503.89230192379273+5.084444854422086e-16j)
(503.88757286476437+4.764299151999247e-16j)
(503.8827726183765+1.7683503344283424e-16j)
(503.8779054144759+7.446932453473215e-16j)
(503.87297558177715-7.563737380367995e-17j)
(503.867987543814+4.264794868883302e-16j)
(503.86294581478074+2.343325489191519e-16j)
(503.8578549952839+7.651813604800576e-16j)
(503.8527197679948+3.1242476609886227e-16j)
(503.8475448932188-4.514406583862656e-16j)
(503.84233520437425+2.3881819383251794e-16j)
(503.8370956033967+2.9571476785498287e-17j)
(503.8318310560635+7.012778372431668e-16j)
(503.8265465872481-9.830996002230553e-17j)
(503.8212472761095-6.558285593016201e-18j)
(503.8159382512161-1.4815180681530886e-16j)
(503.81062468561646+3.554707804269824e-16j)
(503.8053117918531+7.789714441686767e-17j)
(503.80000481693247+3.8525020453390855e-16j)
(503.7947090372504-1.0861450316274987e-16j)
(503.7894297534786+1.36611671804838e-16j)
(503.78417228542037+5.271658660558385e-16j)
(503.77894196683843-1.7333923760914027e-16j)
(503.77374414025513+1.7682521765286914e-16j)
(503.7685841517435-1.6114615627664315e-16j)
(503.7634673456971+8.874681863152342e-16j)
(503.7583990595972+5.693234328127658e-17j)
(503.75338461877516+3.5824262751425807e-16j)
(503.74842933118066+3.495152573222687e-16j)
(503.74353848215156+1.648039589679684e-16j)
(503.7387173292032+7.670323747607974e-16j)
(503.7339710968318+7.314394033192311e-17j)
(503.72930497134035+3.2351471737525347e-16j)
(503.7247240956976+1.9041574761893197e-16j)
(503.7202335644213+1.1684420237358038e-15j)
(503.71583841851015+4.142571256858351e-16j)
(503.7115436404094+1.894137804218868e-16j)
(503.7073541490314+5.228756858139709e-16j)
(503.70327479482415-2.7957164014045527e-17j)
(503.69931035490214+1.052021940765683e-15j)
(503.6954655282354-1.565417535467068e-16j)
(503.69174493090856+4.1609516610358247e-16j)
(503.6881530914527+3.9223191372853915e-16j)
(503.68469444625134+5.249942834459997e-16j)
(503.68137333502807+2.8090029987301e-16j)
(503.6781939964225+2.9416452616705547e-16j)
(503.67516056365235+6.433585535530722e-16j)
(503.67227706027313+5.654808925369882e-17j)
(503.6695473960332+5.95097349249309e-16j)
(503.6669753628358-7.071893839917767e-17j)
(503.66456463080317+3.525388443416594e-16j)
(503.6623187444536+4.994110136349423e-16j)
(503.66024111899293+9.25115973628615e-16j)
(503.6583350367238+2.2317846149258216e-16j)
(503.65660364357626+2.3766283799249423e-16j)
(503.65504994576366+4.0423686253143257e-16j)
(503.65367680656703-2.0530520493143229e-16j)
(503.6524869432532+4.741458941054204e-16j)
(503.65148292412186+7.16577652385347e-18j)
(503.6506671657003+9.709275139426447e-17j)
(503.6500419300678+9.622276844492733e-18j)
(503.649609322331+6.259719140047378e-16j)
(503.6493712882449-1.2858672857904014e-16j)
(503.649329611976+2.563065676844703e-16j)
(503.6494859140252+7.127178008430136e-16j)
(503.64984164929484+3.57301254279045e-17j)
(503.650398105317+6.229020256417116e-16j)
(503.6511564006359+3.302417088294675e-16j)
(503.6521174833487+3.987373603242345e-16j)
(503.6532821298064-1.8054232890447074e-16j)
(503.65465094347655+6.47923435505086e-16j)
(503.65622435396824-1.1653272564310154e-18j)
(503.65800261622115+6.278369741111551e-16j)
(503.6599858098582+3.43745348876908e-16j)
(503.6621738387057+4.2608364908694246e-18j)
(503.6645664304773+6.835087729467998e-16j)
(503.66716313662494+9.386644985766601e-17j)
(503.6699633323578+1.7885976253208325e-16j)
(503.6729662168276+1.867539668230176e-16j)
(503.6761708134786+9.104591009377298e-16j)
(503.679575970568+3.0406920248729793e-16j)
(503.6831803618501+6.466047720312533e-17j)
(503.6869824874272+1.840428291707012e-16j)
(503.69098067476455+2.901884394791543e-16j)
(503.6951730798708+9.395412370789773e-16j)
(503.6995576886432-2.2280686791879214e-16j)
(503.7041323183691+4.308968750548918e-16j)
(503.7088946193966+7.536132997891155e-17j)
(503.713842076957+6.031952158104005e-16j)
(503.71897201315153-2.518299874912646e-16j)
(503.7242815890869+1.7712052770877165e-16j)
(503.72976780717323+3.3504334647219294e-16j)
(503.73542751356575+4.7506037609436546e-17j)
(503.7412574007634+7.511581147291744e-16j)
(503.7472540103489-1.3098887995045223e-16j)
(503.7534137358788+4.0212963528632373e-16j)
(503.7597328259107+1.8660932481040955e-16j)
(503.7662073871767+6.426560600130665e-16j)
(503.7728333878855+2.658344090010863e-16j)
(503.7796066611639+3.368714703128104e-16j)
(503.78652290862607+2.452336159921513e-16j)
(503.79357770407086-5.447924337798305e-17j)
(503.8007664973015+6.207116442786683e-16j)
(503.8080846180665-1.1507645301661304e-16j)
(503.8155272801153+1.6039281291289028e-16j)
(503.82308958536925+1.5411333978164145e-16j)
(503.8307665281985+6.636774269396562e-16j)
(503.83855299980405+9.705476805481368e-17j)
(503.84644379270196-6.088864376817292e-16j)
(503.85443360530064+1.5412999788642726e-16j)
(503.8625170465758-2.608001543921185e-16j)
(503.8706886408252+6.604074332529507e-16j)
(503.8789428325138-3.0933446075167003e-16j)
(503.887273991194-3.141956303801664e-16j)
(503.89567641649796-2.5951727646041447e-16j)
(503.90414434320604+2.8770913308920894e-16j)
(503.9126719463698-2.4666254867127793e-16j)
(503.92125334650433+2.431662695184571e-16j)
(503.9298826148283-2.5252986497599556e-16j)
(503.93855377855704-2.2023627169720165e-17j)
(503.9472608262407+3.8034552875198194e-16j)
(503.95599771313897-1.1999210541309682e-16j)
(503.9647583666341-7.073835397236482e-17j)
(503.9735366916707-2.548768389860271e-16j)
(503.9823265762219+7.467549437928749e-16j)
(503.9911218967724-1.2182894873339178e-16j)
(503.99991652381647+2.6984750381853337e-16j)
(504.0087043273659+2.8175554413765984e-16j)
(504.0174791824588-5.211935019421794e-17j)
(504.0262349746687+7.691692141284794e-16j)
(504.03496560560495+8.961952602200415e-17j)
(504.0436649984024+6.538811927007994e-17j)
(504.052327103193+3.3083071775375845e-18j)
(504.06094590255316+1.0476386805063843e-15j)
(504.0695154169263+5.035917965234455e-17j)
(504.07802971000814-7.889347252715404e-17j)
(504.0864828940981+3.128163627585678e-16j)
(504.0948691354045-2.380776242349712e-16j)
(504.1031826593025+8.378741438467527e-16j)
(504.1114177555369-1.0047367259863463e-16j)
(504.1195687833699+1.3495564630439297e-16j)
(504.12763017666254+2.858243046181143e-16j)
(504.13559644888744+4.452556741838806e-16j)
(504.1434621980726-1.240905136964512e-16j)
(504.1512221116637+1.8491949978258557e-16j)
(504.15887097130445+5.625014064379014e-16j)
(504.1664036575318-3.33713073546355e-16j)
(504.1738151543784+5.081413785720835e-16j)
(504.18110055387973-1.3240950746809132e-16j)
(504.18825506048-3.6725585459571056e-17j)
(504.1952739953342+3.9255600648948687e-16j)
(504.2021528005037+8.696352463776814e-16j)
(504.20888704303565-1.2349072586932763e-16j)
(504.21547241892836+2.3413779102223594e-16j)
(504.2219047569752+3.3195450347823247e-16j)
(504.2281800224863-3.1793447832157226e-16j)
(504.23429432087954+4.667217812241312e-16j)
(504.2402439011445+2.246300850537755e-17j)
(504.24602515916797-5.972796047886128e-17j)
(504.25163464092645-7.566134305862789e-17j)
(504.2570690455324+6.897565606503741e-16j)
(504.2623252281436-3.7277459516618977e-16j)
(504.2674002027196+1.9224492064824117e-16j)
(504.27229114463444+5.691274257166777e-16j)
(504.2769953931348-1.9072741959152441e-16j)
(504.2815104536441+4.825805505106555e-16j)
(504.28583399991436+2.5118514270357737e-16j)
(504.2899638760129+1.6518148012497335e-16j)
(504.29389809815734-2.8194944616357913e-16j)
(504.29763485638085+4.561549019044752e-16j)
(504.30117251603957-2.749021922503454e-16j)
(504.3045096191527+6.377682735325357e-16j)
(504.3076448855752+3.2413188451178953e-16j)
(504.3105772140059-1.2315064842661547e-16j)
(504.31330568282476+6.3323995213714905e-16j)
(504.3158295507624+5.010929960752022e-17j)
(504.3181482573993+4.084343461578988e-18j)
(504.3202614234943+1.1027777175999309e-16j)
(504.32216885114286+6.47317125315847e-16j)
(504.32387052376373+4.4683917231301117e-17j)
(504.3253666059166+6.256608684502023e-17j)
(504.3266574429467+1.7997208241035369e-16j)
(504.32774356045945+1.5202115638676732e-16j)
(504.3286256636282+9.044919025970706e-16j)
(504.32930463632846-1.8289046789193542e-16j)
(504.32978154010556+3.648227197703514e-16j)
(504.3300576129763+4.3807039171212755e-17j)
(504.3301342680621+6.458157375292403e-16j)
(504.33001309205895-3.5225129473188863e-16j)
(504.32969584354174+1.8439238644086082e-16j)
(504.32918445110835+3.4504747480793526e-16j)
(504.32848101136346+2.0316839171062667e-17j)
(504.32758778674395+6.146488669730316e-16j)
(504.326507203189-3.014338362491815e-17j)
(504.3252418476516+1.5206643873812148e-16j)
(504.3237944654684+1.9045334707274954e-16j)
(504.3221679575685+5.98308369954047e-16j)
(504.32036537754647+1.118203731395015e-16j)
(504.31838992858656+3.323428527892197e-16j)
(504.3162449602447+1.9670945690683117e-16j)
(504.3139339650993-6.790127768230152e-18j)
(504.3114605752609+5.725828725661836e-16j)
(504.30882855875774-5.655026335261866e-17j)
(504.3060418157865+7.52104131101314e-17j)
(504.3031043748474+1.6652972996069083e-16j)
(504.3000203887517+6.879934691040857e-16j)
(504.2967941305189+9.292640927322912e-17j)
(504.29342998915763-5.152160872676034e-16j)
(504.28993246533986+2.7571803135373603e-16j)
(504.2863061669726-1.9550073367252482e-16j)
(504.28255580466856+6.449641650375833e-16j)
(504.27868618711744-3.1625158151736613e-16j)
(504.27470221637634-4.0789786957485216e-16j)
(504.270608883062-8.095391481913946e-17j)
(504.2664112614711+3.410014764346747e-16j)
(504.2621145046159-2.2638400465122153e-16j)
(504.2577238391933+3.051920337034197e-16j)
(504.25324456048463-1.1271475647166648e-16j)
(504.24868202719017+4.1939384160780455e-17j)
(504.2440416562102+3.7996002008023003e-16j)
(504.2393289173736+5.992605817693297e-17j)
(504.2345493281147-7.708605536535756e-19j)
(504.22970844811186-9.142143818462492e-17j)
(504.2248118738891+8.274732877682417e-16j)
(504.2198652333827+5.4501660115978356e-17j)
(504.2148741804851+3.884956316127532e-16j)
(504.20984438956424+4.029925403641798e-16j)
(504.20478154997+4.611699897130328e-17j)
(504.1996913605256+9.075006153223265e-16j)
(504.194579524019+1.6630103294007594e-16j)
(504.18945174169073+1.4153355223084722e-16j)
(504.18431370772595+1.2442128301479275e-16j)
(504.1791711037622+1.066107802738355e-15j)
(504.174029593407+1.3013182792004008e-16j)
(504.1688948167806-8.095320566850158e-18j)
(504.16377238508477+3.4490690047089275e-16j)
(504.1586678752007-8.211580473246933e-17j)
(504.1535868243279+7.609392044793244e-16j)
(504.14853472466126+8.294684887482751e-18j)
(504.14351701811904+1.5580307927684517e-16j)
(504.13853909111924+4.541856414538424e-16j)
(504.1336062694178+5.629945672660536e-16j)
(504.12872381300565-4.0234713156526553e-17j)
(504.12389691107427+2.563030451600264e-16j)
(504.11913067705467+6.361387781051951e-16j)
(504.1144301437318-2.58722466536088e-16j)
(504.10980025844+7.062543917318665e-16j)
(504.1052458783486+4.755292896750345e-17j)
(504.1007717658339+7.549308621841108e-17j)
(504.0963825839486+5.700548919320937e-16j)
(504.0920828919915+1.0813225172172024e-15j)
(504.08787714118034+2.8987154470996383e-17j)
(504.08376967043336+4.763729141025235e-16j)
(504.0797647022628+4.47455449905122e-16j)
(504.07586633878424-1.1985503230260585e-16j)
(504.0720785578476+5.733143524338912e-16j)
(504.0684052092898+1.7000165209581513e-16j)
(504.0648500113178+3.0710385818377478e-18j)
(504.06141654701713+2.334672852361042e-16j)
(504.0581082610032+8.489654620782293e-16j)
(504.0549284562014-2.4004943432315155e-16j)
(504.05188029077334+3.221866233169905e-16j)
(504.0489667751841+6.9353847580264e-16j)
(504.04619076941754-1.1502396617195816e-16j)
(504.0435549803393+6.465710818256308e-16j)
(504.04106195921173+3.5486177388561366e-16j)
(504.0387140993638+3.395998440225012e-16j)
(504.0365136340142-7.53373826926806e-17j)
(504.0344626342571+4.880557480209841e-16j)
(504.0325630072042-2.5172775076495485e-17j)
(504.030816494291+8.786486489381074e-16j)
(504.0292246697454+5.632806974036313e-16j)
(504.0277889392217+1.3853296576849233e-16j)
(504.026510538601+8.535708738382208e-16j)
(504.0253905329583+3.3993828864711057e-16j)
(504.0244298156989+2.4941161096391525e-16j)
(504.02362910786405+4.973041168872457e-16j)
(504.0229889576052+8.197646212685444e-16j)
(504.0225097398274+2.7910583393732436e-16j)
(504.02219165600775+3.4749634007068933e-16j)
(504.02203473417904+5.3426783631884665e-16j)
(504.02203882908856+3.708828678049833e-16j)
(504.0222036225225+1.0572623800070409e-15j)
(504.02252862380556+1.5346510896358453e-16j)
(504.0230131704658+6.399206993571834e-16j)
(504.02365642907085+4.603699214523108e-16j)
(504.02445739623005+9.635330593237576e-16j)
(504.02541489976477-6.023837257981476e-17j)
(504.0265276000446+3.131523040980957e-16j)
(504.02779399148443+6.149242524306789e-16j)
(504.0292124042122+3.3858041454358154e-16j)
(504.0307810058856+7.590054398472272e-16j)
(504.0324978036806+3.2072909484371285e-16j)
(504.03436064642773+4.550706174010125e-16j)
(504.0363672269088+5.595703775530009e-16j)
(504.0385150843035+9.175327371594803e-16j)
(504.040801606787+4.078129518524635e-16j)
(504.0432240342778+5.126484830562097e-16j)
(504.0457794613243+3.406124620449955e-16j)
(504.04846484014087+2.49068041485419e-16j)
(504.0512769837777+7.534415066041423e-16j)
(504.05421256942714+2.3666452265490724e-16j)
(504.05726814186494+3.39070828013454e-16j)
(504.06044011701863+4.482306855620662e-16j)
(504.0637247856604+9.066034572728356e-16j)
(504.06711831722635+3.3920417994036054e-16j)
(504.07061676374633-2.023351250932994e-16j)
(504.074216063896+4.81808208754026e-16j)
(504.07791204715386+7.733310768848967e-17j)
(504.08170043806484+8.449784851122455e-16j)
(504.0855768606057-1.7120142857397502e-16j)
(504.08953684265043-1.6353194137098029e-16j)
(504.09357582052496+2.61105671891719e-16j)
(504.0976891436524+5.92434218660779e-16j)
(504.1018720792793+3.059915125155356e-17j)
(504.1061198172867+3.4464306844853563e-16j)
(504.1104274750679+1.5499015631567847e-16j)
(504.11479010248235+3.1036435835034214e-16j)
(504.11920268686924+5.398897159418455e-16j)
(504.12366015812466+3.9800075424741725e-16j)
(504.12815739382785+3.7175313548801796e-16j)
(504.1326892244239+2.6702845638717596e-16j)
(504.1372504384451+9.513512048997791e-16j)
(504.1418357877726+3.2200635469475574e-16j)
(504.1464399929335+4.99310339809757e-16j)
(504.1510577484244+5.662526574854138e-16j)
(504.1556837280611+1.8209314435253844e-16j)
(504.160312590343+1.0049377642880912e-15j)
(504.16493898383123+2.361292177650148e-16j)
(504.1695575525371+3.8325206531406637e-16j)
(504.1741629413063+3.669316547797309e-16j)
(504.17874980120627+1.0586761362366035e-15j)
(504.1833127949006+2.1381231801162845e-16j)
(504.18784660200936-1.9821354153734383e-17j)
(504.19234592445633+3.2923896348688135e-16j)
(504.19680549177843+7.320891450058436e-17j)
(504.2012200664214+7.477017985507747e-16j)
(504.20558444898694+1.463107509397325e-16j)
(504.2098934834473+4.2704921740894455e-16j)
(504.2141420623103+5.915412763868288e-16j)
(504.2183251317345+6.503470783453515e-16j)
(504.22243769659116+7.86282779420478e-18j)
(504.22647482546097+3.382602549078981e-16j)
(504.2304316555681+6.771134384705383e-16j)
(504.2343033976424-3.9981886773724106e-17j)
(504.2380853407076+8.060476145238848e-16j)
(504.24177285678593+2.292717971304168e-16j)
(504.24536140552163+3.2130779145070134e-16j)
(504.2488465387113+5.673776597021497e-16j)
(504.2522239047443+9.695499368998462e-16j)
(504.2554892529413+8.017996890824458e-17j)
(504.25863843779035+5.158900869378934e-16j)
(504.26166742307856+4.325281695196758e-16j)
(504.26457228591045+2.6547339012229986e-17j)
(504.26734922061155+4.1433665656682996e-16j)
(504.26999454251285+2.326600678133984e-16j)
(504.2725046916145+1.825436355228667e-16j)
(504.27487623612103+3.3753228116944154e-16j)
(504.2771058758472+7.398362736776902e-16j)
(504.27919044549066-2.1075585231753216e-16j)
(504.2811269177691+2.4208032593904816e-16j)
(504.2829124064166+6.224986975216769e-16j)
(504.28454416903736-1.459349305766692e-16j)
(504.2860196098151+5.820060871740721e-16j)
(504.28733628207357+2.500986428226181e-16j)
(504.2884918906865+5.70196835504594e-16j)
(504.289484294334-1.2799163897753829e-16j)
(504.29031150760466+3.3530080079697025e-16j)
(504.2909717029395+2.5973865357442953e-17j)
(504.2914632124175+7.532815511998276e-16j)
(504.2917845293778+4.764159290891306e-16j)
(504.2919343098816+1.9159692025133797e-16j)
(504.29191137400903+6.861554043645949e-16j)
(504.2917147069918+3.135937291728659e-16j)
(504.2913434601732+3.626211073656221e-16j)
(504.2907969518108+5.736187459585601e-16j)
(504.29007466770184+6.127384510808201e-16j)
(504.2891762616434+2.651494791711393e-16j)
(504.2881015557227+2.477624231392533e-16j)
(504.28685054043797+4.934024166991635e-16j)
(504.28542337464876+2.856033747832394e-16j)
(504.2838203853559+7.872173356774121e-16j)
(504.28204206731317+1.330970461667495e-16j)
(504.28008908246835+7.153055804490564e-16j)
(504.27796225923714+4.826358986111311e-16j)
(504.27566259160704+7.233270650428715e-16j)
(504.2731912380764-1.7701256712501526e-16j)
(504.2705495204244+9.710583040539218e-17j)
(504.26773892232103+4.859496916720318e-16j)
(504.2647610877667+3.9752370869444996e-16j)
(504.2616178193757+6.085598119249591e-16j)
(504.258311076499+3.167129082528319e-16j)
(504.2548429731829+6.089306996437744e-16j)
(504.2512157759809+4.617551425521393e-16j)
(504.24743190160024+7.64670220630612e-16j)
(504.243493914409+4.614724323418312e-16j)
(504.23940452377985+3.103795239316578e-16j)
(504.2351665813006+1.6969838930612588e-16j)
(504.2307830778323+2.5344592555330556e-16j)
(504.22625714042726+4.830750573797273e-16j)
(504.2215920291142+1.0239998811286117e-16j)
(504.2167911335409+4.097008278597152e-16j)
(504.2118579694918+3.4922512951396273e-16j)
(504.2067961752757+6.918868768640736e-16j)
(504.20160950798726+2.1487669731982733e-16j)
(504.19630183965046-2.2241626038608303e-16j)
(504.1908771532436+3.1100564846288983e-16j)
(504.18533953861186-4.067339418021546e-18j)
(504.17969318827346+5.619846702656703e-16j)
(504.17394239311534-3.5533574887335556e-16j)
(504.16809153799545-7.79942494392678e-17j)
(504.1621450972448+1.3221305405895114e-16j)
(504.15610763008004+3.7375322737896425e-16j)
(504.1499837759277+6.902167867356235e-17j)
(504.1437782496667+1.282467797989014e-17j)
(504.13749583679686+2.92333504326628e-17j)
(504.13114138852745+2.4998173712601737e-16j)
(504.12471981680744+2.4635000837352037e-16j)
(504.11823608928427+1.860792191480302e-16j)
(504.11169522421164+4.079908556951904e-16j)
(504.1051022852995+2.854321077650271e-16j)
(504.09846237652283+5.518538422270268e-16j)
(504.0917806368814+1.8017777142062402e-16j)
(504.0850622351276+3.2935825676206096e-16j)
(504.0783123644613+3.794097457731101e-16j)
(504.0715362371974+1.24336321552091e-16j)
(504.0647390794128+6.633893722645559e-16j)
(504.05792612557934-5.262737591356919e-17j)
(504.05110261318595+3.4981686067260594e-16j)
(504.0442737773523+3.7808894582656904e-16j)
(504.03744484545047+7.362363102425904e-16j)
(504.0306210317263+1.2744591319976592e-16j)
(504.02380753193376-1.4527078756204208e-16j)
(504.01700951798995+6.938055059893985e-17j)
(504.01023213264614-7.414957947285288e-17j)
(504.0034804841922+3.2445249360199847e-16j)
(503.9967596411896-1.6195671469959252e-16j)
(503.99007462724757+3.850961181605172e-16j)
(503.9834304158359+4.4362379151844306e-16j)
(503.9768319251555+3.7688214250136106e-16j)
(503.9702840130548-8.75385776084859e-17j)
(503.9637914720106+1.056138257953286e-16j)
(503.95735902417135+3.402635416032843e-16j)
(503.9509913164686+2.03625623008196e-17j)
(503.9446929158058+5.820658483176092e-16j)
(503.9384683043253+1.2622470676614947e-16j)
(503.93232187475564+2.9590209697053698e-16j)
(503.9262579258547+3.5515508330393987e-16j)
(503.9202806579377+5.2391085600344755e-16j)
(503.9143941685122-4.672853656114246e-17j)
(503.9086024480092+3.5140366511279565e-16j)
(503.902909375622+3.019909964003252e-16j)
(503.8973187152604-4.928512316554246e-17j)
(503.8918341116134+7.898369256609677e-17j)
(503.88645908633794+4.931303274614239e-17j)
(503.88119703436615+1.9234143485058097e-16j)
(503.8760512203414+2.707912563762553e-16j)
(503.87102477518664+3.169711684852137e-16j)
(503.866120692804-2.201466745554904e-16j)
(503.86134182691455-1.5092837258329774e-17j)
(503.8566908880391+3.523803275379043e-16j)
(503.85217044062165-2.3459395710515733e-16j)
(503.84778290030147+3.1960867775496006e-16j)
(503.84353053133447-4.4566774461108085e-17j)
(503.8394154441692+5.288883499947676e-16j)
(503.83543959317626-2.5115869628065307e-16j)
(503.8316047745371+3.5748519730664167e-17j)
(503.8279126242913-5.110438560546746e-17j)
(503.82436461654913+5.750365630227532e-16j)
(503.8209620618646+2.338949791044542e-16j)
(503.81770610577985+1.2556693105830944e-16j)
(503.81459772752925+4.010956343248664e-16j)
(503.81163773892257+2.0130235346773108e-16j)
(503.8088267833897+3.5429485064598123e-16j)
(503.80616533520396+4.880190965453857e-16j)
(503.803653698873+3.645807025963346e-16j)
(503.80129200870573+2.650494948212657e-16j)
(503.7990802285539+1.6873161325072775e-16j)
(503.79701815172433+3.7056289015099234e-16j)
(503.79510540107236+1.1707780190332434e-16j)
(503.7933414292633+4.319325792096762e-16j)
(503.79172551921346+2.010655564513938e-18j)
(503.7902567847043+6.166060761376814e-16j)
(503.78893417117104+4.593687825074983e-16j)
(503.7877564566626+4.074445006378441e-16j)
(503.78672225298027-2.6663445163256317e-16j)
(503.7858300069813-3.370453111715878e-17j)
(503.78507800205716+3.2313459439682117e-16j)
(503.78446435978316+3.205987284926904e-16j)
(503.78398704173065+3.673140099833578e-16j)
(503.7836438514525+1.6836483864446563e-16j)
(503.7834324366259+5.786048951451738e-16j)
(503.78335029136707+3.0154298845898943e-16j)
(503.783394758697+4.950069836594564e-16j)
(503.78356303317423+3.981064544661256e-16j)
(503.7838521636783+1.344722090222177e-16j)
(503.78425905634845-8.721181821844549e-17j)
(503.7847804776735+1.0566760035352806e-16j)
(503.7854130577303+1.9863738860273851e-16j)
(503.7861532935644-3.1936861031538502e-18j)
(503.7869975527155+3.466850473641942e-16j)
(503.78794207687963+2.1710191613196417e-16j)
(503.7889829857074+3.8533281525913196e-16j)
(503.79011628073135+5.2016235931989904e-17j)
(503.79133784942496-3.6328381400035774e-16j)
(503.7926434693823+8.835108003438536e-17j)
(503.79402881261694-9.71082753323905e-17j)
(503.7954894499802+2.6812219658525263e-16j)
(503.7970208556876-4.694246076517099e-16j)
(503.79861841195435-1.6096032557531756e-16j)
(503.8002774137325-3.816164119720986e-17j)
(503.80199307354695+7.596124631246634e-17j)
(503.8037605264252-1.4889363224224716e-17j)
(503.8055748349143-2.3914216404116085e-16j)
(503.8074309941846-1.6320108604920916e-16j)
(503.80932393721014+1.5429644992040727e-16j)
(503.81124854002366-5.3088129781651055e-17j)
(503.8131996270418+1.0257805467573859e-16j)
(503.81517197645223+3.4111433297061494e-16j)
(503.81716032566027+1.8310477056663333e-16j)
(503.81915937678923+2.0748762242617295e-16j)
(503.82116380222766-1.7534340959949748e-17j)
(503.8231682502204+2.641995252657028e-16j)
(503.82516735049524+1.7650260114957947e-16j)
(503.82715571992134-2.0625222640919085e-17j)
(503.8291279681975+3.7921653049963783e-16j)
(503.83107870355286-1.005098301111723e-16j)
(503.83300253847113+1.3616182577400685e-16j)
(503.8348940954187+2.817818226367116e-16j)
(503.8367480125793+4.804675162746669e-16j)
(503.8385589495836+8.094360816034413e-18j)
(503.8403215932357-2.2238590178551137e-16j)
(503.8420306632218-5.872461481723016e-17j)
(503.84368091780465-2.1342231066496843e-16j)
(503.8452671594878+9.504985996831978e-17j)
(503.84678424065555-1.4277527726012713e-16j)
(503.84822706917583+2.5264764297614397e-16j)
(503.8495906139577+2.94869533068256e-16j)
(503.8508699104688+1.493633957504787e-16j)
(503.8520600661964-2.4383808592619437e-16j)
(503.8531562660506+1.7287177638272426e-17j)
(503.8541537777087+1.4035492112636344e-16j)
(503.85504795688763-9.43074919715635e-18j)
(503.8558342525423+3.9831347176853225e-16j)
(503.85650821199044+1.4781413556338927e-16j)
(503.85706548594817+1.308683002729015e-16j)
(503.85750183347903+7.035340879143518e-17j)
(503.85781312685054+1.3920615620439832e-16j)
(503.857995356289-2.3249631495367607e-16j)
(503.8580446346351+1.976354976038116e-16j)
(503.85795720188656+2.803788514646658e-16j)
(503.85772942963365-5.188207360391762e-17j)
(503.8573578253726-1.6857338020841834e-16j)
(503.85683903669985+8.054224291541948e-17j)
(503.85616985538184+2.608159255276463e-16j)
(503.8553472212915+1.0090834916166118e-16j)
(503.85436822621494+1.5822115598168287e-16j)
(503.85323011751797-2.4303001596675173e-16j)
(503.8519303016694-2.612441719673897e-16j)
(503.8504663476259+9.900979217618052e-17j)
(503.8488359900586-3.1862905303604507e-16j)
(503.8470371324364+7.581164594129949e-17j)
(503.84506784995085-1.876446943103541e-16j)
(503.84292639228136+3.9399687674516076e-16j)
(503.84061118620156-5.090547592637445e-16j)
(503.83812083802155-1.9840920602105432e-16j)
(503.835454135863-2.1618003756333228e-16j)
(503.8326100517659+3.0157565543646284e-16j)
(503.82958774362527-3.3282817919792466e-17j)
(503.82638655695285+2.5454629729832952e-17j)
(503.82300602646444+1.12715774446876e-16j)
(503.8194458774935+5.993005303834725e-17j)
(503.8157060272194+2.85482945686201e-16j)
(503.81178658572236+8.911053680469716e-17j)
(503.807687856856-7.029955356726704e-17j)
(503.8034103389358+1.6784362988740598e-16j)
(503.7989547252436+1.418475754964587e-18j)
(503.7943219043545+1.7219761255880648e-16j)
(503.7895129602719-1.0436193141268847e-16j)
(503.7845291723819+1.1736844184078408e-16j)
(503.77937201522496-2.5821231410457553e-17j)
(503.77404315807576+4.029126486239692e-16j)
(503.76854446434714+1.174779087366234e-16j)
(503.7628779908025+5.830057726946013e-17j)
(503.75704598658865-4.086282439061666e-16j)
(503.75105089208444-1.0406044610811103e-16j)
(503.7448953375672+8.906303893817605e-17j)
(503.7385821416965+1.5212528164033048e-16j)
(503.73211430982326+1.4983554947639372e-16j)
(503.72549503211366+9.146564022304481e-17j)
(503.71872768150075+4.2246757172260423e-16j)
(503.71181581146055+1.5928465051118396e-17j)
(503.7047631536127+1.0219809808087324e-16j)
(503.6975736151538+2.0731291216063628e-16j)
(503.6902512761181-3.6702437528059735e-17j)
(503.6828003864754-2.7536252964232695e-16j)
(503.67522536306166-3.737692736995295e-17j)
(503.66753078635355-4.287531001397891e-17j)
(503.6597213970796-4.4122265751955966e-17j)
(503.6518020926795+2.391322794315744e-16j)
(503.6437779236138-6.09913848515297e-17j)
(503.6356540895183+1.0223635312078979e-16j)
(503.62743593522123-7.679266490593828e-17j)
(503.619128946615-4.585929376621343e-16j)
(503.61073874639186-1.5750422569783686e-18j)
(503.60227108964546-1.9676529775341427e-16j)
(503.5937318593435+3.3464371682309896e-17j)
(503.58512706167613-4.746701661941797e-16j)
(503.57646282128184-2.4338454307600325e-16j)
(503.56774537635624-2.50348340377535e-16j)
(503.5589810736534-2.2073331414292517e-16j)
(503.5501763633744-6.394429789650924e-17j)
(503.5413377939573-3.843925839314657e-16j)
(503.53247200676685-3.087861306784925e-16j)
(503.52358573069364-1.4445671531445235e-17j)
(503.5146857766653-2.3598290252802765e-16j)
(503.5057790320737-1.6550696226250017e-17j)
(503.4968724551261+1.5884701751569133e-16j)
(503.4879730691252-4.80681567111418e-17j)
(503.47908795668104-8.987206387752833e-17j)
(503.47022425386143-1.8509757132571545e-16j)
(503.4613891442888+2.242093151818646e-16j)
(503.4525898531864+4.156375121877556e-17j)
(503.4438336413768-9.734591282355842e-17j)
(503.435127799247+2.4217575325882167e-16j)
(503.426479640675-1.018999221517378e-16j)
(503.4178964969329-4.077400900014762e-17j)
(503.40938571056626+1.1427436866791376e-16j)
(503.4009546292569+1.886936927022495e-16j)
(503.39261059967816-9.619194235475685e-17j)
(503.3843609613434-2.2731424590491917e-16j)
(503.3762130404564-1.2404621466508701e-16j)
(503.36817414376895-2.816646654756073e-16j)
(503.360251552452-1.1119459106368034e-17j)
(503.352452515986-6.356984038147279e-17j)
(503.34478424607397+8.214514712204641e-17j)
(503.33725391058624+2.254832705945517e-16j)
(503.32986862754086-5.685902392416156e-17j)
(503.32263545912576-2.0441007059585459e-16j)
(503.3155614057681-1.7576131562200347e-17j)
(503.3086534002564+5.971238063795727e-17j)
(503.3019183019218+3.77382127311005e-18j)
(503.29536289088117+3.8129798687022204e-16j)
(503.2889938623534+2.569709132356501e-16j)
(503.28281782104654+7.39768845343095e-17j)
(503.27684127562657-8.226663296621548e-17j)
(503.2710706332725-7.12573589116408e-18j)
(503.2655121943183-1.951485715523676e-16j)
(503.260172146996+2.284609438872701e-16j)
(503.25505656227267+4.1140107481805904e-16j)
(503.2501713887974+8.486213560241299e-17j)
(503.2455224479545-1.701654863590051e-16j)
(503.24111542903574+1.780088100331654e-16j)
(503.2369558845271+3.6603278595975223e-16j)
(503.2330492255226+1.824280363707387e-16j)
(503.22940071726356+1.5875246728954854e-16j)
(503.2260154748105-1.2997691431097643e-16j)
(503.2228984588522-2.5574984100594536e-16j)
(503.2200544716549+8.180574109141976e-17j)
(503.21748815315175-2.1004212714401682e-16j)
(503.2152039771838+1.3187549924522788e-16j)
(503.21320624789064-1.4299912059339635e-16j)
(503.21149909625495+3.6474783693798355e-16j)
(503.2100864768031-5.056073274468994e-16j)
(503.2089721644699-2.342049596065535e-16j)
(503.2081597516231-1.7254886517776748e-16j)
(503.2076526452559+2.6270939022253277e-16j)
(503.2074540643478+2.122203788124682e-17j)
(503.20756703739835+9.363396283984193e-17j)
(503.2079944001293+1.7228519116732778e-16j)
(503.2087387933689+9.768631931820485e-17j)
(503.20980266110854+3.077477054469206e-16j)
(503.2111882487414+1.4277587671944837e-18j)
(503.21289760147886-2.313017034994798e-16j)
(503.2149325629539+1.729485004073572e-16j)
(503.2172947740014+9.549974229871859e-17j)
(503.21998567163024+2.4012684402466775e-16j)
(503.2230064881729-1.2013472906183276e-17j)
(503.22635825062815+1.424691376261994e-16j)
(503.23004178018357+1.5712980161462693e-16j)
(503.2340576919312+2.9640219291268715e-16j)
(503.23840639476583+4.7426382769977635e-17j)
(503.24308809147107-5.3620374954041867e-17j)
(503.248102778993-3.804727631459073e-16j)
(503.25345024889947+4.835295965802986e-17j)
(503.25913008802536+2.6965865087429757e-16j)
(503.26514167930236+2.879938803038905e-16j)
(503.27148420277354+1.7139049095460958e-16j)
(503.2781566367908+2.9329147154324924e-16j)
(503.2851577593922+4.956413743286025e-16j)
(503.29248614986307+7.09839480180638e-17j)
(503.3001401904725+2.9887172691697866e-17j)
(503.3081180683868+1.948675867802434e-16j)
(503.3164177777617+2.3808704325950254e-17j)
(503.325037122-1.6277214017993436e-16j)
(503.3339737161891-2.2641192676261833e-17j)
(503.3432249896956+5.3109268948966304e-17j)
(503.35278818893624+1.2700468098552564e-16j)
(503.3626603803023+2.868222874688543e-16j)
(503.37283845324896+3.614345153526136e-17j)
(503.3833191235394+2.860736969198608e-17j)
(503.3940989366418-6.9284542005309e-17j)
(503.4051742712781-1.9136660058291285e-16j)
(503.4165413431152+1.4869653882998733e-16j)
(503.4281962086052-1.1588313432691814e-16j)
(503.4401347689577+1.3331752332073379e-16j)
(503.45235277425155-2.2966856812982344e-16j)
(503.4648458276759-1.456365816873679e-16j)
(503.4776093898988-1.1178220632639816e-16j)
(503.49063878355787-2.0976154003209342e-16j)
(503.5039291978678-4.156602762233072e-17j)
(503.5174756933445-2.4694916685793507e-16j)
(503.53127320663316-1.7468523814540968e-16j)
(503.5453165554464+3.64928195531727e-17j)
(503.5596004435978-1.1194432470153648e-16j)
(503.57411946612984+9.359916228035467e-17j)
(503.5888681145337+1.762107169264824e-16j)
(503.6038407820502+1.1259287157076082e-17j)
(503.61903176905383-1.6829301727433664e-16j)
(503.63443528850576-1.246569524388537e-16j)
(503.65004547147976+1.7390273355459262e-16j)
(503.66585637274954+9.023022606384359e-17j)
(503.6818619764329-1.263053204778196e-16j)
(503.6980562016907+2.409009199875646e-16j)
(503.7144329084687-2.989853674848832e-17j)
(503.73098590328584-6.609073032067464e-17j)
(503.7477089450537+1.402072698730444e-16j)
(503.76459575092747-1.4499948690684684e-16j)
(503.7816400021821-2.2066278882227177e-16j)
(503.7988353501041-8.521224718144193e-17j)
(503.81617542190185-1.9048370951496874e-16j)
(503.8336538266172-2.3901760271995027e-16j)
(503.8512641610411+1.1783602158607598e-16j)
(503.869000015626+2.24897378915993e-16j)
(503.88685498038774+1.217391664796613e-16j)
(503.9048226507907+3.6267567937254033e-16j)
(503.922896633613-2.4990300731061997e-16j)
(503.94107055278596-2.1380551350235799e-16j)
(503.9593380551969+1.8318745347320233e-16j)
(503.97769281646015+1.1851839871849434e-16j)
(503.99612854663894+1.4695165790505587e-17j)
(504.01463899592267+4.3719270273891724e-16j)
(504.0332179602466+4.376951084152069e-16j)
(504.0518592868515+1.7276299122327756e-16j)
(504.07055687978465-1.7937824337971889e-16j)
(504.08930470531993-2.5195766370343535e-16j)
(504.1080967973114-1.8338590689364025e-16j)
(504.12692726246354+4.0386475321548245e-16j)
(504.1457902855125+5.398334900588935e-16j)
(504.16468013432353+3.6730119966697414e-16j)
(504.18359116488716-9.423465366012299e-17j)
(504.2025178262179+3.2593414954881997e-16j)
(504.22145466514826+4.76316364592746e-16j)
(504.24039633101467+1.870521166836356e-16j)
(504.2593375802256+1.3843645584083154e-16j)
(504.27827328071874-4.5483254592418386e-17j)
(504.29719841628724-8.483821744894083e-17j)
(504.31610809078927+1.998319941298806e-16j)
(504.3349975322194+3.448741570661657e-17j)
(504.35386209665165+2.9034680471783856e-16j)
(504.37269727204256+2.7489260001936073e-17j)
(504.39149868189253+5.747477025925927e-16j)
(504.4102620887648-3.014568626410097e-16j)
(504.4289833976555-2.505190946311144e-16j)
(504.44765865921113-2.60232425399115e-17j)
(504.4662840727972+2.4608671031946325e-16j)
(504.4848559894047+1.6933178996883818e-16j)
(504.5033709144002+2.4285903436087864e-16j)
(504.5218255101129+1.793771248585561e-16j)
(504.54021659826105+1.3696583979346157e-16j)
(504.55854116220553+2.7374097391475706e-16j)
(504.5767963490421-3.456440125695498e-17j)
(504.59497947151857-4.799737996096857e-16j)
(504.6130880097833+1.3248559592528108e-16j)
(504.63111961295687+2.868030178435521e-16j)
(504.6490721005329+3.164663534909148e-16j)
(504.666943463601+1.5156071262683366e-16j)
(504.68473186589216+1.93612523158308e-16j)
(504.70243564464903+4.0115403102713933e-16j)
(504.7200533113135+3.9109771324952855e-16j)
(504.7375835520404+4.12957274565207e-17j)
(504.7550252280296-2.8706871568627564e-16j)
(504.77237737567634-3.517767024383126e-16j)
(504.7896392065493+1.5109928807138663e-16j)
(504.806810107179+3.5806559134336704e-16j)
(504.82388963867993+3.966139333066926e-16j)
(504.8408775361844+2.170430131154873e-16j)
(504.85777370810405+4.529412940766999e-16j)
(504.87457823521396+5.446259472068986e-16j)
(504.8912913695598+3.6911663437456706e-17j)
(504.90791353319395-8.897150478393656e-17j)
(504.92444531673533+3.029283830684264e-16j)
(504.94088747776044+3.2415551426192846e-17j)
(504.95724093902436+2.2535571044600032e-17j)
(504.97350678651264+1.7670538272522246e-16j)
(504.9896862673327+1.2844203405599473e-16j)
(505.00578078743223+2.4097656234316578e-16j)
(505.0217919091686+4.488986595388787e-16j)
(505.0377213487113+1.6319222359939094e-16j)
(505.0535709732916-1.2787504777028748e-16j)
(505.06934279830057+2.147627974288897e-17j)
(505.0850389842346+2.6123564040206424e-16j)
(505.1006618334961+3.071433082914439e-16j)
(505.1162137870508+1.1426107517549326e-16j)
(505.1316974209442+2.0048428789585545e-16j)
(505.14711544268147+5.4215333662029435e-17j)
(505.16247068747435+9.604490164123368e-17j)
(505.17776611436204+1.211997132379062e-16j)
(505.1930048022006-2.3800217230968e-16j)
(505.2081899455378+2.896234021674748e-16j)
(505.22332485036884-8.531942724173022e-17j)
(505.2384129297754-6.788231027552242e-17j)
(505.2534576994642+1.4955068353721383e-16j)
(505.26846277319413+2.2526892863004303e-17j)
(505.2834318581098+1.190986384765083e-16j)
(505.298368749977+3.6561655262276825e-16j)
(505.3132773283287+1.9794085517304146e-16j)
(505.3281615515285-3.063057166533611e-16j)
(505.34302545175194+6.55707597530391e-17j)
(505.3578731298922+2.0205393317440136e-16j)
(505.3727087503986+1.741476245159677e-16j)
(505.3875365360464+7.964998329276845e-17j)
(505.4023607626499+2.916145960224489e-16j)
(505.41718575372045+9.340784697923648e-18j)
(505.4320158750751+7.598971339028041e-17j)
(505.4468555294011+3.738114689676112e-16j)
(505.46170915078176-4.00078493448553e-16j)
(505.4765811991903+1.9783785475118795e-17j)
(505.491476154957+1.1015759321199619e-16j)
(505.50639851321114-2.878618767999334e-16j)
(505.52135277830973-8.037361315822168e-17j)
(505.5363434582528+1.298794381252016e-16j)
(505.5513750590953+2.6456636192635513e-16j)
(505.5664520793561+2.2155752881000302e-16j)
(505.5815790044361+4.3974448303403773e-16j)
(505.5967603010444-4.80988253866496e-16j)
(505.61200041164255-4.5485712466703946e-17j)
(505.6273037489104+2.2030230777723817e-16j)
(505.64267469023747+1.4370901921197504e-17j)
(505.65811757225276+1.372929909309193e-16j)
(505.673636685386+4.0555497675552824e-16j)
(505.689236268477+4.964510463888564e-16j)
(505.7049205034329+4.010488243248652e-16j)
(505.7206935099378-1.41659844788218e-16j)
(505.73655934022634-4.990221470865269e-16j)
(505.75252197391654+8.21730715642898e-17j)
(505.7685853129155+6.135610750624787e-16j)
(505.7847531763988+6.035210973642311e-16j)
(505.801029295872+6.172885348394363e-16j)
(505.817417310311-2.4710859652930785e-17j)
(505.83392076139774+3.5089348085087063e-16j)
(505.85054308884685+6.113918915319278e-16j)
(505.8672876258313+3.499990368695257e-16j)
(505.8841575945116+5.947376608317146e-17j)
(505.9011561016725+2.4285299641624893e-16j)
(505.91828613447046+1.3690532987307328e-16j)
(505.93555055630003+3.8695604428458244e-16j)
(505.9529521027769+3.8802278855048005e-16j)
(505.9704933778475+4.315319409356138e-16j)
(505.98817685002473+1.8799713314607042e-16j)
(506.00600484875815+7.53501530067745e-16j)
(506.0239795609364+1.2916281462573086e-16j)
(506.0421030275309-2.1819302799002304e-16j)
(506.0603771403783+3.1043629135350037e-16j)
(506.0788036391139+3.1294612159750136e-16j)
(506.09738410824633+2.2137721835138187e-16j)
(506.1161199743908+4.431207793290177e-16j)
(506.1350125036493+2.0659095635657562e-16j)
(506.15406279915385+1.8070339734719206e-16j)
(506.17327179876423+3.1153435163570704e-16j)
(506.1926402729286+1.068396608125208e-16j)
(506.2121688227104-4.403500662684312e-16j)
(506.23185787797553+3.8034238767974176e-16j)
(506.25170769575254+5.566096921806002e-16j)
(506.27171835875674+3.9969866911960397e-16j)
(506.2918897740899+3.4169007500779737e-16j)
(506.3122216721091+7.98993923304437e-17j)
(506.3327136054674+5.825806581128496e-16j)
(506.35336494833325+4.7250394013471e-16j)
(506.37417489578064+2.1643957662751555e-16j)
(506.39514246335705-3.051271869699078e-16j)
(506.4162664868277-1.2195670649143997e-16j)
(506.4375456220945+1.7149069380863034e-16j)
(506.45897834529586+4.509505445556148e-16j)
(506.4805629530779+4.331496321862903e-16j)
(506.50229756304674+3.351946234212295e-16j)
(506.524180114395+5.551878674784641e-16j)
(506.54620836870447+5.889564098854166e-16j)
(506.56837991092254+2.0976505050590472e-16j)
(506.5906921505172+8.422482347359647e-18j)
(506.6131423227995+5.141060142503355e-16j)
(506.6357274904217+6.077124354167379e-17j)
(506.65844454504634+1.3518620881483103e-16j)
(506.68129020918224+3.239847108835029e-16j)
(506.7042610381902+1.2036227595631256e-16j)
(506.7273534224531+3.1417711539609913e-16j)
(506.7505635897104+4.371278347072132e-16j)
(506.77388760755423+3.901006107116998e-16j)
(506.7973213860848-2.669584397157654e-16j)
(506.8208606807211+1.226093938130021e-16j)
(506.84450109516933+5.427417994720937e-16j)
(506.8682380845389+3.5590425360769817e-16j)
(506.8920669586092+3.2078760782876603e-16j)
(506.9159828852411+2.2313050168542144e-16j)
(506.93998089393233+1.5922606980354814e-16j)
(506.96405587950943+1.2101987648227168e-16j)
(506.9882026059567+2.5298001045868866e-16j)
(507.01241571037804-2.565881987568652e-16j)
(507.03668970708344+5.134181252995328e-16j)
(507.0610189918046-1.884115935075866e-17j)
(507.08539784602794-7.527099267264118e-17j)
(507.109820441445+1.4523708893281218e-16j)
(507.1342808445148+1.8464713491367007e-17j)
(507.1587730211343+1.4685528619275618e-16j)
(507.1832908414119+3.844491028716373e-16j)
(507.20782808454004+3.769388355737723e-16j)
(507.23237844376456-4.540850119972408e-16j)
(507.2569355314386+1.5409836083127542e-16j)
(507.2814928841674+2.2131250513943354e-16j)
(507.3060439680276+7.14747478284983e-17j)
(507.33058218386844+9.847550466929056e-17j)
(507.35510087267534+1.5268255627183725e-16j)
(507.3795933210046+1.778291737738034e-17j)
(507.4040527664749+8.535045251877408e-18j)
(507.4284724033161+4.0928738656156527e-16j)
(507.45284538796443-6.196615964711382e-16j)
(507.4771648447037+5.2589858271601426e-17j)
(507.50142387134696+1.07257210864706e-16j)
(507.5256155449481-3.8224155259952456e-16j)
(507.54973292754374-9.238659732037447e-17j)
(507.57376907191883-2.6222860834458456e-17j)
(507.5977170273863+2.002368452788374e-16j)
(507.6215698455818+1.2696096097505079e-16j)
(507.6453205862612+2.930789462743353e-16j)
(507.6689623231032-6.606031073101362e-16j)
(507.6924881495035-5.684647029657942e-17j)
(507.7158911843585+1.6302259234330667e-16j)
(507.73916457783776-2.658754965455117e-16j)
(507.76230151713065+4.916881359775546e-17j)
(507.7852952321669+1.1896290753080305e-16j)
(507.80813900130795+3.093069736194091e-16j)
(507.8308261569994+3.04263079778086e-16j)
(507.85335009137714-3.3261259687744253e-16j)
(507.87570426183163-9.072851298775953e-16j)
(507.89788219651456-2.8064238859803147e-17j)
(507.91987749978694+5.551216152467412e-16j)
(507.941683857606+3.997060199471733e-16j)
(507.9632950428393+5.348326712496694e-16j)
(507.98470492050905-2.534083311887951e-16j)
(508.00590745295494+2.116445141890087e-16j)
(508.02689670491264+5.132201802180794e-16j)
(508.047666848506+1.785046077634164e-16j)
(508.0682121681433-2.3428889613284904e-16j)
(508.08852706531906+1.4543379573082849e-16j)
(508.1086060633078+8.755141705358065e-17j)
(508.1284438117561+2.7968070288303325e-16j)
(508.1480350911611+3.7381497092621317e-16j)
(508.1673748172318+1.9704745065327394e-16j)
(508.1864580451342+1.0023661505765386e-16j)
(508.2052799736095+5.212854436019663e-16j)
(508.22383594896667+1.1591599720429021e-16j)
(508.24212146894104-5.423138075721236e-16j)
(508.26013218642225+1.8944357203542746e-16j)
(508.27786391303846+2.78547336069957e-17j)
(508.2953126226026-7.776534054955385e-17j)
(508.31247445441016+2.562931816120116e-16j)
(508.32934571639237-1.6734582085742336e-16j)
(508.34592288811336-4.6409542700291236e-17j)
(508.3622026236178+1.0126348652195882e-16j)
(508.37818175411866-2.307688718942872e-16j)
(508.39385729052617-7.776569802588396e-16j)
(508.4092264258164+2.3868043692149436e-16j)
(508.42428653723425+4.2152457337544086e-16j)
(508.4390351883311+1.3708512553679573e-16j)
(508.45347013083403+1.165197165481681e-16j)
(508.46758930634735-3.4209075382979295e-16j)
(508.48139084788016+4.441988644898604e-16j)
(508.4948730812022+2.019754736830764e-16j)
(508.5080345260267-4.6378089192808285e-17j)
(508.5208738970183-5.523667216540197e-16j)
(508.53339010462287-2.78068937680504e-16j)
(508.54558225572293-6.622127928380441e-17j)
(508.55744965411515+1.2758538270732195e-16j)
(508.5689918008101+1.5754827969082974e-16j)
(508.5802083941547+1.097400921507441e-16j)
(508.5910993297751+4.03829142105398e-16j)
(508.6016647003438+2.7863958964891134e-16j)
(508.61190479516864-3.84971305780903e-18j)
(508.6218200996032-2.639900417076859e-16j)
(508.63141129428334+3.191491491729847e-16j)
(508.6406792541856-1.6113845621453264e-16j)
(508.6496250475123-3.8660337810983375e-17j)
(508.6582499344031+2.1916409608011897e-16j)
(508.6665553654722-2.2812299916910607e-16j)
(508.6745429801786+1.671246203637001e-16j)
(508.6822146050236+1.7851445025998526e-16j)
(508.68957225158135+2.2089321799750086e-16j)
(508.6966181143661-5.790205293301187e-16j)
(508.70335456853394+6.712994196459294e-18j)
(508.70978416742327+4.621653050723089e-16j)
(508.71590963993845+1.7185363621929268e-16j)
(508.72173388777594+2.772868659939035e-16j)
(508.7272599824958-6.943676618782825e-17j)
(508.73249116244625+6.515985176595246e-17j)
(508.73743082953627+4.2096640135497205e-17j)
(508.74208254586694-5.403645607092541e-18j)
(508.7464500302205-4.477904721677036e-16j)
(508.75053715441146+5.172059564227914e-16j)
(508.75434793950365-8.76023852743743e-17j)
(508.75788655189723-1.509856450844463e-16j)
(508.7611572992889+8.073623665613738e-17j)
(508.76416462650934-1.7931054825143406e-16j)
(508.7669131112404+6.442143262864336e-17j)
(508.7694074596209+2.8091736832863637e-16j)
(508.77165250173823+3.6774388557695603e-16j)
(508.7736531870194-7.040026399064745e-16j)
(508.7754145795132+9.78153506441896e-17j)
(508.7769418530828+1.055015249584116e-16j)
(508.77824028650184-1.023180080076522e-16j)
(508.7793152584638+1.4387290086515194e-16j)
(508.7801722425089-2.4401677511062082e-17j)
(508.7808168018751+6.404811077444402e-17j)
(508.78125458427246+1.4251673718416272e-17j)
(508.7814913165934+2.4931849924931316e-16j)
(508.78153279955825-8.056592325747289e-16j)
(508.7813849023036+8.859826068447064e-17j)
(508.7810535569199+1.0529337622201657e-16j)
(508.7805447529416-3.3415112888307813e-16j)
(508.7798645317916-1.9347363562244513e-17j)
(508.77901898119757-3.1483600615072716e-16j)
(508.7780142295694+1.2628321471465073e-16j)
(508.7768564403557+2.047264543745036e-17j)
(508.7755518063797+1.309781001884699e-16j)
(508.7741065441579-7.00057809448465e-16j)
(508.77252688821306+3.547197712443191e-17j)
(508.77081908538247+1.426716378879081e-17j)
(508.76898938912586-3.9249183710560264e-16j)
(508.76704405384277+1.2085535133026786e-16j)
(508.76498932920276-8.658345237939452e-17j)
(508.76283145449315+2.848741566982452e-16j)
(508.76057665298896+3.640345797939345e-16j)
(508.7582311263535-3.874568724430745e-16j)
(508.7558010490742-1.069254514335923e-15j)
(508.75329256293446+6.771364096376408e-18j)
(508.7507117715344+4.615940423511385e-16j)
(508.74806473485995+3.262344427813441e-16j)
(508.74535746390495+5.951886386361678e-16j)
(508.7425959153598-2.2365566666126727e-16j)
(508.73978598635796+2.5720157646710816e-16j)
(508.7369335093007+6.1466146682468975e-16j)
(508.7340442467494+2.2918806131196757e-16j)
(508.7311238864057-3.7501975983235973e-16j)
(508.7281780361716+3.1315783096707365e-16j)
(508.7252122192996+1.476787849417479e-16j)
(508.7222318696405+3.6980779069548235e-16j)
(508.71924232698774+5.288863528801394e-16j)
(508.7162488325234+1.6210982091712194e-16j)
(508.7132565243745+2.7233174050889063e-16j)
(508.71027043328+5.269233813651658e-16j)
(508.7072954783726+2.1922870589719697e-16j)
(508.70433646308163-5.982788209796057e-16j)
(508.7013980711601+3.138976260255656e-16j)
(508.698484862834+1.8041099503633464e-17j)
(508.6956012710902-7.777656311562305e-17j)
(508.69275159809337+4.1174339101656106e-16j)
(508.6899400117396-1.1426955092408506e-16j)
(508.68717054235736+1.4089058549401547e-16j)
(508.68444707954336+3.6334484701457485e-16j)
(508.68177336915284-1.668833709976799e-16j)
(508.67915301043524-6.152216547926176e-16j)
(508.67658945332255+3.769085984015269e-16j)
(508.674085995872+4.154648504811685e-16j)
(508.67164578186976+2.5314664860315516e-16j)
(508.669271798584+2.93959785977655e-16j)
(508.6669668746915-2.937224080673073e-16j)
(508.66473367835613+6.648538121107567e-16j)
(508.6625747154778+2.933831588606291e-16j)
(508.660492328106+6.449858034565855e-17j)
(508.65848869302084-3.59533451276043e-16j)
(508.65656582048086-1.2215879677739477e-16j)
(508.65472555314403+4.5910547330953126e-17j)
(508.6529695651544+3.6217752913708177e-16j)
(508.6512993614044+3.4231621799570387e-16j)
(508.64971627696514+1.9507547581813448e-16j)
(508.64822147669037+7.337130310682734e-16j)
(508.64681595499286+4.0488181091770226e-16j)
(508.6455005357899+2.3833963992770815e-16j)
(508.6442758726255-6.906466559168502e-17j)
(508.64314244895957+5.472203547049637e-16j)
(508.6421005786296-9.772743958137885e-17j)
(508.6411504064849+1.981085255925997e-16j)
(508.6402919091862+3.821003594815736e-16j)
(508.63952489617736-1.0634392116833247e-16j)
(508.6388490108226+4.829416545896064e-16j)
(508.63826373170883+3.484965958561946e-16j)
(508.63776837411535+3.8650078696936805e-16j)
(508.63736209164364-4.3773207589994503e-16j)
(508.63704387800897+2.1246326538319607e-16j)
(508.63681256899+5.858465442652082e-16j)
(508.6366668445387+2.511384596279462e-16j)
(508.636605231039+5.24808455679477e-16j)
(508.6366261037246-2.007112123626403e-17j)
(508.6367276892386+3.78480756076165e-16j)
(508.6369080683458+2.459660263228286e-16j)
(508.63716517878726+1.8258010644402494e-17j)
(508.63749681827375-2.1234397068498603e-16j)
(508.63790064761974+5.903872405252988e-16j)
(508.6383741940092+1.0942051310813269e-16j)
(508.63891485439507+2.1111949793257376e-16j)
(508.63951989902336+4.303353080303919e-16j)
(508.64018647508243-2.6482836273642123e-17j)
(508.64091161047463+4.2356795502887465e-16j)
(508.6416922176967+5.124625020136979e-16j)
(508.642525097842+5.46453008617193e-16j)
(508.6434069447027-4.684219665968397e-16j)
(508.64433434898007+2.3189709783798623e-16j)
(508.64530380259055+1.1101653974044962e-16j)
(508.6463117030709+1.5215954082190136e-16j)
(508.6473543580717+3.465330205469826e-16j)
(508.648427989934+8.031974312245823e-17j)
(508.6495287403531+4.3654405105467025e-16j)
(508.65065267511255+2.0388485806376747e-16j)
(508.65179578889314+2.5909365153613116e-16j)
(508.6529540101475-6.811509673253025e-16j)
(508.6541232060375+9.16469815260091e-17j)
(508.655299187425+2.494470411583962e-16j)
(508.65647771391843-7.544629724299931e-18j)
(508.6576544989615+1.661822960574763e-16j)
(508.6588252149678-1.8811941624299358e-16j)
(508.6599854984868+5.782311065573715e-16j)
(508.6611309554037+1.7747183554346355e-16j)
(508.6622571661625+2.1876369704419487e-16j)
(508.6633596910129-3.537693363638966e-16j)
(508.6644340752679+1.2817875110579827e-16j)
(508.66547585457397+1.2679695981922524e-16j)
(508.666480560184-1.7232470070548094e-16j)
(508.66744372422977+1.5157617892535465e-16j)
(508.66836088498803-2.5491451532199757e-17j)
(508.6692275921358+5.658135562153819e-16j)
(508.6700394119867+4.625778858311709e-16j)
(508.6707919327069-3.980674486775725e-16j)
(508.67148076950326-9.18309253787445e-16j)
(508.67210156977814-4.473573332044937e-17j)
(508.672650018247+4.334272961924795e-16j)
(508.6731218420125+5.164368917454607e-16j)
(508.6735128155913+6.8574766135423355e-16j)
(508.67381876588763-5.092084843963975e-17j)
(508.67403557710696+5.719812323810808e-16j)
(508.67415919561074+7.09168205324951e-16j)
(508.67418563469755+1.66758193978442e-16j)
(508.67411097931756-2.797330622648725e-16j)
(508.6739313907058+4.4351921013747834e-16j)
(508.67364311093326+2.7470605722038904e-16j)
(508.673242467375+5.472429601554759e-16j)
(508.67272587708294+6.108222951580502e-16j)
(508.67208985106646+1.820838667171318e-16j)
(508.6713309984715+5.555761818237958e-16j)
(508.6704460306568+6.019462949068799e-16j)
(508.6694317651622+1.8165715622574967e-16j)
(508.66828512956454-4.6267157121603e-16j)
(508.66700316521957+3.2545653867439705e-16j)
(508.6655830308809-1.0028207360932894e-16j)
(508.66402200620223+4.788188078579356e-17j)
(508.66231749510507+4.466727429964626e-16j)
(508.66046702902344-1.5762295747987243e-16j)
(508.65846827001354+2.818722978404277e-16j)
(508.65631901372467+3.365113514561552e-16j)
(508.6540171922367-2.59452840349124e-16j)
(508.6515608767483-5.678772688954409e-16j)
(508.6489482801294+2.8015882593519925e-16j)
(508.64617775931845+3.0837263110230565e-16j)
(508.6432478175763+3.5188551576874643e-16j)
(508.64015710658526+2.1878545044643215e-16j)
(508.6369044283963-2.286139073058773e-16j)
(508.6334887372182+8.423323361213287e-16j)
(508.6299091410545+2.2163283639036005e-16j)
(508.62616490317447-1.2760606906329291e-16j)
(508.62225544343164-3.6098357891653203e-16j)
(508.61818033941245-1.8809910969113204e-16j)
(508.6139393274298+4.463462842470734e-18j)
(508.60953230334843+4.060972499430025e-16j)
(508.60495932324653+2.9548091391915924e-16j)
(508.60022060391384+3.773159689200989e-17j)
(508.59531652318236+7.786533323396635e-16j)
(508.59024762009346+2.2682187676369593e-16j)
(508.5850145948958+5.4720117829507744e-17j)
(508.57961830888075-1.0838704815621684e-16j)
(508.5740597840508+4.84326748728251e-16j)
(508.5683402026206-2.5088222548935215e-16j)
(508.5624609063573+3.166985842629633e-16j)
(508.5564233957548+3.3741758429155874e-16j)
(508.55022932904166-2.2139993012892445e-16j)
(508.5438805210324+5.313778439324645e-16j)
(508.5373789418163+2.7679921489567494e-16j)
(508.5307267152817+1.7373891336056115e-16j)
(508.52392611748763-4.663859032142523e-16j)
(508.51697957487886+1.1269130742942463e-16j)
(508.50988966234144+5.361384497679145e-16j)
(508.50265910111176+1.0805198569239971e-16j)
(508.4952907565278+4.671309424041357e-16j)
(508.4877876356416-2.9411298456358007e-16j)
(508.48015288467616+4.572428249662542e-16j)
(508.47238978634334+1.268261264263441e-16j)
(508.46450175702495-1.8444179311669718e-16j)
(508.4564923438078-3.008367086510061e-16j)
(508.44836522138985+3.9015520748707756e-16j)
(508.4401241888545-4.947001403777112e-17j)
(508.4317731663123+3.33654703879084e-16j)
(508.42331619142385+3.984140034978461e-16j)
(508.41475741579444-9.759037938935672e-17j)
(508.4061011012566+3.5095941735602667e-16j)
(508.39735161603244+3.8450210433436415e-16j)
(508.38851343079347+3.27442048964685e-16j)
(508.37959111460594-5.022973284871107e-16j)
(508.37058933078004+2.4676385327556728e-17j)
(508.361512832615-1.9967417071645939e-16j)
(508.35236645905707+1.5668313292701686e-16j)
(508.34315513026274+2.697830201269321e-16j)
(508.3338838430788-1.4606592881765894e-16j)
(508.32455766644154+3.78181647629266e-16j)
(508.3151817367004+7.384500545581461e-17j)
(508.3057612528687+4.36542355930202e-17j)
(508.2963014718106-7.67168094847826e-16j)
(508.28680770336274-8.323486129225819e-17j)
(508.27728530540327+9.715171091638059e-17j)
(508.2677396788645+5.4080135575863126e-18j)
(508.258176262703+8.160522100558342e-17j)
(508.24860052882224-3.8908301405674566e-16j)
(508.2390179769644+6.339139700868563e-16j)
(508.2294341295668-1.1500160568817757e-17j)
(508.21985452659266+3.2296232896631736e-18j)
(508.2102847203392-3.8090610063075195e-16j)
(508.2007302702329+8.361474187096427e-17j)
(508.19119673760963-1.3078284348030853e-16j)
(508.1816896804912-1.7839456996435755e-16j)
(508.1722146483603-7.6874191100676e-17j)
(508.16277717694174-3.198563230898976e-16j)
(508.1533827829918+5.459245912893482e-16j)
(508.1440369591022+2.1605797697673973e-16j)
(508.1347451685266-5.747093932653885e-16j)
(508.1255128400295-8.985146588802597e-16j)
(508.1163453627691-1.1139336513599965e-16j)
(508.1072480812117+2.412855288398711e-16j)
(508.09822629009113+4.644872951500239e-16j)
(508.0892852294097+5.40530369961927e-16j)
(508.0804300794941-2.0618629470137735e-16j)
(508.0716659561024+5.338000972550746e-16j)
(508.062997905597+4.98071528962437e-16j)
(508.0544309001766-6.014559130429468e-17j)
(508.04596983318606-4.465908618382857e-16j)
(508.0376195144922+3.4799659096102093e-16j)
(508.0293846659467+2.0380571148454586e-16j)
(508.0212699169294+4.973035530991569e-16j)
(508.01327979998086+5.326979561890875e-16j)
(508.00541874652623-3.479172945936632e-17j)
(507.9976910827003+4.603012166780927e-16j)
(507.99010102526836+3.9865220725994556e-16j)
(507.98265267765703+1.6536696184219175e-17j)
(507.97535002609203-3.942291668321213e-16j)
(507.9681969358513+2.234987244259132e-16j)
(507.9611971476321-3.0972909294090153e-16j)
(507.95435427404027+5.4613091340732205e-17j)
(507.9476717962057+2.9801043529442424e-16j)
(507.94115306052214-3.617081949248323e-16j)
(507.9348012755205+1.836475455601481e-16j)
(507.9286195088726+1.3138364594246288e-16j)
(507.9226106845372-3.012772400501926e-16j)
(507.91677758004306-5.760150424368862e-16j)
(507.9111228239108+2.1812378660761588e-16j)
(507.9056488932302+9.439734976941039e-17j)
(507.9003581113735+2.8458385494569504e-16j)
(507.8952526458681+7.128720179249303e-17j)
(507.89033450641574-3.358217262616508e-16j)
(507.8856055430684+7.747488488522e-16j)
(507.88106744456127-2.112609106175887e-17j)
(507.87672173679937-4.297943675546027e-16j)
(507.8725697815103-4.502655090551201e-16j)
(507.8686127750495-2.328513516746058e-16j)
(507.8648517473766-2.294001644767538e-16j)
(507.861287561186+2.763155430118812e-16j)
(507.85792091120817+9.006190997139311e-17j)
(507.8547523236742-2.8580332300428675e-16j)
(507.8517821559427+5.150964546801593e-16j)
(507.8490105962961-7.382782188490351e-17j)
(507.84643766390275-1.5872082298695826e-16j)
(507.8440632089418-2.763595237163116e-16j)
(507.8418869129005+1.6255266011602114e-16j)
(507.8399082890305-4.323515758000117e-16j)
(507.83812668297435+2.5794191915381263e-16j)
(507.83654127355703+8.13198408521384e-17j)
(507.83515107373853-4.3790387398950366e-16j)
(507.8339549317327+4.0244236159224485e-16j)
(507.83295153228954+4.89768097636862e-19j)
(507.83213939813453-2.5518848207455927e-17j)
(507.8315168915713-5.853660277246732e-16j)
(507.83108221624286-7.300415839489322e-17j)
(507.830833419047+4.201155827669376e-16j)
(507.83076839220917-1.194040919770504e-16j)
(507.83088487550623+2.893579526993357e-16j)
(507.8311804586446-5.920999582035545e-16j)
(507.83165258377954+3.3721463086146225e-16j)
(507.832298548192-1.4351122074005336e-16j)
(507.83311550709635-3.853003162741807e-16j)
(507.83410047659885-4.57240857062918e-16j)
(507.83525033678995+3.098077957574313e-17j)
(507.836561834971-3.2994626969954896e-16j)
(507.83803158901463+2.813954999127009e-16j)
(507.8396560908536+1.0655024801473098e-16j)
(507.8414317100934-1.9849604555231908e-16j)
(507.8433546977495+2.0510668668966028e-16j)
(507.8454211900994+5.711597868109658e-17j)
(507.8476272126521-4.852063926705153e-18j)
(507.84996868422576-7.457056514325319e-16j)
(507.8524414211345-2.4634972132554063e-16j)
(507.855041141474-4.570212306711147e-16j)
(507.8577634695102-8.724418525379748e-18j)
(507.8606039401597+7.275452767850257e-17j)
(507.86355800355784-4.915945407516242e-16j)
(507.8666210297164+1.7706395291823713e-16j)
(507.8697883132579-1.5690482512935252e-16j)
(507.8730550782304-2.434593458265414e-16j)
(507.87641648298916-9.31164417673365e-16j)
(507.87986762514777-3.908639054221385e-16j)
(507.8834035465909-1.341916296477526e-16j)
(507.8870192385431-1.8558752790913184e-16j)
(507.8907096466895-9.21151689230451e-17j)
(507.89446967634495-6.449624322531743e-16j)
(507.8982941976626+5.767999977697717e-16j)
(507.9021780508821-2.679723591540473e-16j)
(507.9061160516059-2.907042452083523e-16j)
(507.9101029961061-5.401876125339704e-16j)
(507.9141336666488-1.4654145212464242e-16j)
(507.9182028368366-3.4857068921425774e-16j)
(507.92230527696165-3.110000214765227e-16j)
(507.92643575936205-4.187656228937301e-16j)
(507.9305890637814-7.015974532316055e-16j)
(507.93475998272316+3.929287855985746e-16j)
(507.9389433267903-1.5208524241621853e-16j)
(507.9431339300145-8.682017523790854e-16j)
(507.9473266551621-1.0430103455614095e-15j)
(507.95151639901417-3.991527328103325e-16j)
(507.9556980976143-7.511615695616027e-18j)
(507.9598667314808+1.8932175876307992e-16j)
(507.9640173307787+1.5419569783161038e-16j)
(507.9681449804414-4.790108022303367e-16j)
(507.9722448252423+3.6210722842502075e-16j)
(507.9763120748101+1.4201129510767052e-16j)
(507.9803420085816-6.004871897157157e-16j)
(507.9843299806862-7.133412365709939e-16j)
(507.9882714247621-9.955550276219645e-17j)
(507.99216185869-1.0265043226990716e-17j)
(507.9959968892535+1.1810375897086602e-16j)
(507.9997722167065+2.1407797560884752e-16j)
(508.0034836392539-4.763739727740719e-16j)
(508.00712705743683+1.3538958582135637e-16j)
(508.010698478417+3.6664844015497326e-18j)
(508.0141940201591-3.75442437275712e-16j)
(508.0176099155054-5.617856281482286e-16j)
(508.0209425161357-8.196092831881566e-17j)
(508.02418829641556-6.55724365027335e-16j)
(508.02734385712074-1.3244152137496665e-16j)
(508.0304059290409-1.2663747192881235e-16j)
(508.0333713764526-8.272073044990967e-16j)
(508.03623720046824-1.8241797977780156e-16j)
(508.03900054223925-3.245499569411706e-16j)
(508.0416586860369-6.458214060277773e-16j)
(508.0442090621777-9.859179174123363e-16j)
(508.04664924981506-1.5292302030884622e-16j)
(508.0489769795806-2.4653057939733746e-16j)
(508.05119013607674-7.438316330891196e-17j)
(508.0532867602171-2.5229298934130815e-16j)
(508.05526505141324-6.99576933223581e-16j)
(508.05712336960465+4.168588674974906e-16j)
(508.0588602371295-4.2121472330303864e-16j)
(508.0604743404356-1.051595040643734e-15j)
(508.06196453162727-8.996302494648529e-16j)
(508.06332982984986-4.880850710244999e-16j)
(508.0645694225067-5.964880967764288e-16j)
(508.06568266631047-1.1551132990922394e-16j)
(508.06666908816476-3.124870326358947e-16j)
(508.0675283858771-7.540809552969173e-16j)
(508.0682604287026+4.802099466822797e-18j)
(508.0688652577135-5.958420514556676e-16j)
(508.0693430860008-7.076096295520944e-16j)
(508.0696942987028-7.539811771600011e-16j)
(508.0699194528604-4.20405342380251e-16j)
(508.07001927710087-7.197661019117631e-16j)
(508.06999467115037-3.865453775421549e-17j)
(508.06984670517426-2.549447797997126e-16j)
(508.06957661894586-8.619833463488456e-16j)
(508.06918582084467+6.234834291750109e-17j)
(508.0686758866841-4.044727990016765e-16j)
(508.0680485583734-4.602878369124116e-16j)
(508.0673057424063-8.772617308833901e-16j)
(508.0664495081888-4.1964323210184e-16j)
(508.06548208619773+1.9274608864173085e-16j)
(508.0644058659793-4.0421119235129055e-16j)
(508.0632233939827+1.8109974619620474e-17j)
(508.06193737123647-9.408858513965023e-16j)
(508.0605506508661+6.096860758561274e-17j)
(508.05906623545667-3.9492969462149743e-16j)
(508.0574872742619-7.496187908396106e-16j)
(508.0558170602644-7.632913345654965e-16j)
(508.05405902708515-2.2118134038030132e-16j)
(508.0522167457507-6.392468099970654e-16j)
(508.0502939213195+2.81362118819063e-17j)
(508.0482943893641-2.366561638681548e-16j)
(508.0462221123245-4.987323193328437e-16j)
(508.04408117572456-5.416600882749597e-17j)
(508.04187578426183-3.2546256694543423e-16j)
(508.03961025777244-4.531494012299509e-16j)
(508.03728902707473-1.172515972671449e-15j)
(508.0349166296939-4.640980172632129e-16j)
(508.0324977054773-7.032555032533887e-16j)
(508.0300369920964-3.135178338638981e-16j)
(508.02753932044703-1.9654807909257785e-16j)
(508.02500960994655-9.113761641650118e-16j)
(508.0224528637396-8.845914254033865e-17j)
(508.01987416380376-3.178770288436118e-16j)
(508.0172786659805-6.1211320947342195e-16j)
(508.0146715949109-1.1241643626152771e-15j)
(508.01205823890524-5.35022573548273e-16j)
(508.0094439447331-2.771267549780081e-16j)
(508.00683411234974-3.679734787931316e-16j)
(508.00423418955745-1.659945217421925e-16j)
(508.0016496666128-9.745712406864113e-16j)
(507.9990860707785+3.190063151976983e-16j)
(507.99654896083086-4.863114398818994e-16j)
(507.99404392152405-6.695513495697218e-16j)
(507.9915765580198-6.680077247266968e-16j)
(507.9891524902853-1.9722213333577845e-16j)
(507.98677734746354-5.83785611140178e-16j)
(507.9844567622287-4.81024885219038e-16j)
(507.9821963651205-5.541404161901121e-16j)
(507.9800017788746-8.995865669013726e-16j)
(507.9778786127478+1.873667688337193e-16j)
(507.97583245684433-3.6089403854396146e-16j)
(507.9738688764478-1.025094203471089e-15j)
(507.9719934063706-9.991179400501707e-16j)
(507.97021154531853-4.004009743387643e-16j)
(507.96852875027946-1.680878032548362e-16j)
(507.96695043093996-8.954219915052007e-17j)
(507.96548194414146-4.637214548138632e-17j)
(507.96412858836953-5.771414315816304e-16j)
(507.9628955982955+1.7856290382561536e-16j)
(507.9617881393634-4.250380113854915e-17j)
(507.9608113024373-8.857197550808946e-16j)
(507.9599700985059-8.113879804389587e-16j)
(507.9592694534579-2.5718819311992597e-16j)
(507.9587142029256-1.1195264659269295e-16j)
(507.9583090872065-1.3111119735388024e-16j)
(507.9580587462677+8.252068966641443e-17j)
(507.95796771483464-6.985421130910447e-16j)
(507.9580404175747-2.856263624392593e-17j)
(507.95828116437247-2.523703619603749e-16j)
(507.95869414571064-5.195286080968964e-16j)
(507.95928342815296-5.566185047813826e-16j)
(507.96005294993995-2.136378722027909e-17j)
(507.9610065166954-6.213322119852964e-16j)
(507.96214779725614-1.7157064216290477e-16j)
(507.9634803196202-2.7004160742031455e-16j)
(507.96500746702475-8.739253080013404e-16j)
(507.96673247415407-2.752149845896416e-16j)
(507.9686584234815-3.027919738640848e-16j)
(507.9707882417507-5.763717983298196e-16j)
(507.973124696597-9.554306463118241e-16j)
(507.9756703933154-1.3676777238386573e-16j)
(507.9784277717796-2.5809119196668773e-16j)
(507.9813991035051-9.394574897908913e-17j)
(507.98458648887737-1.9100835164169833e-16j)
(507.9879918545267-8.663397439062453e-16j)
(507.99161695087207+3.004965144598224e-16j)
(507.99546334982375-4.516650209757961e-16j)
(507.9995324426518-1.1219956193499767e-15j)
(508.0038254380197-9.104714896231285e-16j)
(508.0083433601923-3.013555453167703e-16j)
(508.0130870474117-6.55933184340813e-16j)
(508.0180571504474-6.13821326649037e-17j)
(508.0232541313186-2.712451162872212e-16j)
(508.02867826219824-7.602870016417603e-16j)
(508.0343296244902-2.1188420037507063e-17j)
(508.0402081080844-5.830100760038649e-16j)
(508.04631341079516-6.134287486692037e-16j)
(508.0526450379767-6.351858090092057e-16j)
(508.05920230231874-3.882828027338188e-16j)
(508.06598432382845-6.52882704674227e-16j)
(508.07299002998593+1.965038586337069e-17j)
(508.08021815608856-2.0189726231873082e-16j)
(508.0876672457704-7.849731585538917e-16j)
(508.09533565170835+9.707501246910312e-17j)
(508.10322153650395-3.7934756580717114e-16j)
(508.11132287374767-3.57232091667442e-16j)
(508.1196374492623-7.100777014449924e-16j)
(508.1281628625227-2.628801203892474e-16j)
(508.13689652825343+2.5275373605433876e-16j)
(508.1458356782034-2.718885334202234e-16j)
(508.1549773630924+1.7214656795224417e-16j)
(508.16431845472954-7.569054209593487e-16j)
(508.17385564830585+1.657395303844876e-16j)
(508.1835854648497-2.6532034003859308e-16j)
(508.19350425385613-6.274516258015941e-16j)
(508.203608196072-5.225917923153686e-16j)
(508.213893306449-3.220631753941291e-17j)
(508.2243554372527-4.516861487699677e-16j)
(508.23499028132755+1.3050994208895028e-16j)
(508.2457933755161-1.5321506656047717e-16j)
(508.2567601042275-4.2316109022413127e-16j)
(508.2678857031553+1.5262190603875753e-16j)
(508.2791652631321-2.236785337846437e-16j)
(508.29059373413315-3.6416677735372714e-16j)
(508.30216592940894-9.61638649874226e-16j)
(508.3138765297535-1.5887830985851892e-16j)
(508.3257200879-6.136178187646514e-16j)
(508.3376910330424-2.052429953866998e-16j)
(508.3497836754751-2.205653171803841e-16j)
(508.3619922113515-8.869688784707655e-16j)
(508.37431072755044+8.088246177218316e-17j)
(508.3867332066523-2.06647928118741e-16j)
(508.39925353201943-5.561585227030003e-16j)
(508.41186549296805-8.720832293401151e-16j)
(508.4245627900391-3.925423177432597e-16j)
(508.43733904035577-2.170440178025615e-16j)
(508.4501877830614-2.45942870231256e-16j)
(508.4631024848379+1.4933097894012172e-18j)
(508.47607654549836-8.250875260854976e-16j)
(508.4891033036405+3.9460518148134766e-16j)
(508.5021760423722-3.24948631211352e-16j)
(508.51528799508696-5.623937803803709e-16j)
(508.5284323512909-4.142210731214403e-16j)
(508.5416022624823-6.641295875955655e-17j)
(508.55479084806336-4.2135078407995275e-16j)
(508.5679912012932-3.075195823462113e-16j)
(508.5811963952668-3.7976254855343767e-16j)
(508.5943994889196-7.339176435152659e-16j)
(508.60759353305156+2.2185731405480558e-16j)
(508.62077157635844-2.8643966648762284e-16j)
(508.63392667147747-9.016946214189267e-16j)
(508.6470518810266-6.502078373143362e-16j)
(508.6601402836473-2.355860372696491e-16j)
(508.6731849800299-2.0546801630534128e-16j)
(508.68617909892725-3.8923756853539065e-17j)
(508.6991158031454+4.4251610086616297e-17j)
(508.71198829550985-4.2789780160214234e-16j)
(508.72478982479413+2.5273065110553797e-16j)
(508.7375136916147+5.25563878769439e-17j)
(508.7501532542804-7.856575709452934e-16j)
(508.76270193459163-5.637080305287093e-16j)
(508.77515322358545-6.85094755188528e-17j)
(508.78750068722206+2.9340270055842015e-17j)
(508.79973797200347+3.0959374578911896e-18j)
(508.8118588105216+1.5856657999962118e-16j)
(508.8238570269312-5.512370356328034e-16j)
(508.83572654234274+1.1905299636502707e-16j)
(508.8474613801245-1.322727478688633e-16j)
(508.8590556711201-4.2098808324546864e-16j)
(508.87050365876297-3.252834726419245e-16j)
(508.88179970409476+2.230644994015526e-16j)
(508.89293829067657-5.376396087019139e-16j)
(508.9039140293883-6.7085495408078e-17j)
(508.91472166311576-2.1013570632439533e-16j)
(508.92535607131674-7.1804628376388275e-16j)
(508.9358122744636-2.260059982692325e-16j)
(508.94608543835955-1.7104320533017658e-16j)
(508.95617087832204-4.2144145926971185e-16j)
(508.9660640632305-8.05999764448487e-16j)
(508.9757606194354-3.720560794834242e-17j)
(508.985256334522-8.143124239439275e-17j)
(508.9945471609322+3.208702421342457e-17j)
(509.00362921942985-6.536353310273002e-17j)
(509.0124988024189-9.28627784386703e-16j)
(509.0211523771004+3.5812219036846563e-16j)
(509.0295865884746-2.3050941635147683e-16j)
(509.03779826217715-9.444385767376228e-16j)
(509.045784407151-7.365990040152988e-16j)
(509.05354221815554-2.3494760862010064e-17j)
(509.06106907809976-6.216699674167356e-16j)
(509.0683625602081-8.593438859033068e-17j)
(509.0754204300116-2.0740542010985104e-16j)
(509.08224064716217-6.75753105114495e-16j)
(509.08882136707257+4.3501555440340766e-17j)
(509.0951609423747-4.851941589660751e-16j)
(509.10125792419944-5.166360683142556e-16j)
(509.1071110632748-5.088846185714155e-16j)
(509.1127193108439-1.7386688400591308e-16j)
(509.11808181939745-5.027895412400084e-16j)
(509.1231979432221+1.3310732547049047e-16j)
(509.1280672387703-2.5160114899810628e-17j)
(509.1326894648395-6.74523298597457e-16j)
(509.1370645825699+6.785672769702643e-17j)
(509.1411927552577-1.72210260042228e-16j)
(509.14507434798566-2.2516734103611625e-16j)
(509.14870992706796-5.034930980083859e-16j)
(509.15210025931253+2.350264230073325e-17j)
(509.1552463111009+3.4650394796147943e-16j)
(509.1581492472909-1.7170578493686882e-16j)
(509.16081042993216+3.3579368848579234e-16j)
(509.1632314168081-5.616537665208688e-16j)
(509.16541395980016+2.457809671513574e-16j)
(509.1673600030726-5.09316974348251e-17j)
(509.1690716810888-4.3517814247912935e-16j)
(509.1705513164506-2.473227633614622e-16j)
(509.1718014175715+3.445623204482691e-16j)
(509.1728246761808-2.7785338319263284e-16j)
(509.1736239646623+2.307927181558445e-16j)
(509.1742023332317-2.0049372160783906e-17j)
(509.1745630069534-3.3892326242281543e-16j)
(509.17470938260186+1.2260541987959707e-16j)
(509.1746450253665+2.7562851240875732e-18j)
(509.1743736654094-1.0926482800571144e-16j)
(509.1738991942748-7.155544157017776e-16j)
(509.1732256611536+1.9452317498592847e-16j)
(509.17235726900867-5.191244621667325e-16j)
(509.1712983705644-1.3067343934553706e-16j)
(509.1700534641649-9.763231759819627e-17j)
(509.1686271894999-8.4512724413192e-16j)
(509.16702432321193+7.495844339876378e-17j)
(509.1652497743778-2.3173899906700906e-17j)
(509.1633085798793-3.3413826405571733e-16j)
(509.1612058996597-6.79549752928309e-16j)
(509.1589470118761-8.235730110306626e-17j)
(509.1565373079459-1.334449452638051e-16j)
(509.15398228750166-2.010125654820379e-16j)
(509.15128755324815+2.496715942088284e-16j)
(509.14845880573745-7.794320891994704e-16j)
(509.1455018380556+2.9927324060763677e-16j)
(509.14242253043824-1.3729511240584393e-16j)
(509.13922684480946-3.80263561488542e-16j)
(509.13592081925714-1.6318706004229594e-16j)
(509.13251056244377+2.1573353560422548e-16j)
(509.1290022479638-4.266362867130249e-16j)
(509.12540210864915-3.036646276581387e-16j)
(509.1217164308273-1.2852059075141162e-16j)
(509.11795154854565-6.708526545498599e-16j)
(509.114113837752+1.0182679011101141e-16j)
(509.1102097104568-8.339412164177639e-17j)
(509.1062456088636-6.833331729565387e-16j)
(509.1022279994874-3.793944250125712e-16j)
(509.09816336725834+5.898985043026371e-17j)
(509.09405820961973-9.829755288069711e-17j)
(509.08991903062434+9.924000154076927e-18j)
(509.0857523350385+2.772455770367753e-16j)
(509.08156462245154-2.9141614212983196e-16j)
(509.07736238140785+2.4980758236882067e-16j)
(509.0731520835545+3.1938890509271354e-16j)
(509.06894017781786-3.5638029047579335e-16j)
(509.06473308461585-3.469269120356335e-16j)
(509.0605371901049+2.9642896765745373e-16j)
(509.05635884046933+2.4953802592005554e-16j)
(509.05220433626505+1.2437085438201185e-16j)
(509.04807992681276+4.383808216493523e-16j)
(509.0439918046512-2.3917573365208516e-16j)
(509.03994610005856+2.1511140923052898e-16j)
(509.03594887563963+2.040000138633302e-16j)
(509.03200612098993-1.4213668941731382e-16j)
(509.02812374744116-3.170347146754829e-17j)
(509.0243075828887+5.624434321677668e-16j)
(509.0205633667106-3.6768928530100383e-16j)
(509.01689674478115+7.233620014722715e-17j)
(509.01331326458484+7.141616691253882e-17j)
(509.0098183704286-4.012183616729597e-16j)
(509.0064173987714-6.129138774790674e-17j)
(509.0031155736577+1.5170578221381393e-16j)
(508.999918002271+2.5257573458045958e-17j)
(508.99682967061074-3.991693757403723e-16j)
(508.9938554392909+3.080864028385382e-16j)
(508.9910000394669+1.0696961477709158e-16j)
(508.9882680688981+1.0746238726128025e-16j)
(508.9856639881429+1.5160626990968074e-16j)
(508.9831921168967-8.691496191488986e-16j)
(508.98085663047067+2.7823805493573117e-16j)
(508.9786615564169+7.106119973898993e-17j)
(508.97661077130186-5.635182575447028e-16j)
(508.97470799763505-3.559074251710528e-16j)
(508.9729568009499+3.6035525869038664e-16j)
(508.9713605870406-3.4763159183284865e-16j)
(508.9699225993637+5.104456838390426e-17j)
(508.9686459165962+3.973060052928373e-17j)
(508.9675334503644-5.191883577655403e-16j)
(508.96658794313055+1.0786694691259136e-16j)
(508.965811966256-1.4542954949815633e-16j)
(508.9652079182291-1.3322390415828592e-16j)
(508.96477802306623-1.9780720945619944e-16j)
(508.96452432888367+1.3797212722997396e-16j)
(508.9644487066448-2.052374816271994e-16j)
(508.96455284908205+2.620345548279977e-16j)
(508.9648382697923+2.0052014728935885e-16j)
(508.9653063025106-4.355080694552456e-16j)
(508.9659581005585+8.646575648704959e-17j)
(508.96679463647126+1.1065314852075304e-16j)
(508.9678167018005+7.368310133189427e-17j)
(508.9690249070926-2.25748209341887e-16j)
(508.9704196820474+2.9764257428298625e-16j)
(508.97200127584955+5.476050954274194e-16j)
(508.9737697576781-3.628687438740016e-17j)
(508.9757250173878+5.776605291750063e-16j)
(508.9778667663696-3.0638996484762357e-16j)
(508.980194538578+3.4416660443636307e-16j)
(508.98270769173433+2.1534180797578132e-16j)
(508.9854054086992-5.684331886638219e-17j)
(508.98828669901434+1.1380951174568426e-16j)
(508.99135040060685+4.925462699705547e-16j)
(508.99459518166833-8.33711749354942e-18j)
(508.99801954268423+4.040217530205311e-16j)
(509.00162181863635+2.2717495693902774e-16j)
(509.00540018135325-8.418651219176354e-17j)
(509.00935264202525+1.2814932842398377e-16j)
(509.0134770538662+3.577938097558057e-16j)
(509.01777111492765+2.724544304530387e-16j)
(509.0222323710634-3.8653551409342565e-16j)
(509.0268582190334+4.2261098002520366e-16j)
(509.03164590975086-2.466076095220083e-16j)
(509.0365925516699+2.610588619965951e-17j)
(509.04169511430115+1.775819591701313e-16j)
(509.0469504318626-6.993896147723624e-16j)
(509.05235520705594+2.2498956173701397e-17j)
(509.05790601496597+1.760992816697068e-16j)
(509.06359930707663+4.4488342607988457e-17j)
(509.06943141540455-4.197697268150962e-16j)
(509.0753985567425+4.6579594338117865e-17j)
(509.08149683700583+5.241004289946393e-17j)
(509.08772225568526-6.194440263151467e-17j)
(509.0940707103938+4.55743040877789e-16j)
(509.1005380015069-5.834598390298077e-16j)
(509.10711983688896+3.612117856627891e-16j)
(509.1138118367067+7.75977494568396e-17j)
(509.1206095383156-8.794246221072713e-17j)
(509.1275084012226+1.1081691534299935e-16j)
(509.13450381211703+2.6384674327681597e-16j)
(509.14159108996216-1.6498855354443163e-16j)
(509.1487654911481-3.0182077154013747e-16j)
(509.156022214693+6.884236504141942e-17j)
(509.16335640749605-4.581565868941181e-16j)
(509.17076316962994+5.649423207851438e-17j)
(509.1782375596709+1.4564413846071475e-16j)
(509.1857746000599-5.282348885518284e-16j)
(509.19336928249095-2.1526648938158343e-16j)
(509.20101657331793+6.523832293517824e-17j)
(509.2087114189794+1.8540375165020746e-16j)
(509.21644875143147+4.546680722558403e-18j)
(509.2242234935836+4.143496420376802e-16j)
(509.23203056473824-1.5718777203521435e-16j)
(509.2398648860173+2.3481862522369846e-16j)
(509.24772138578356+4.766576040411198e-16j)
(509.2555950050371-1.6417136460047083e-16j)
(509.2634807027965-1.995335339783249e-16j)
(509.2713734614472+3.221772613972189e-16j)
(509.27926829205614+4.048392176988415e-16j)
(509.2871602396503+1.2284175880646957e-16j)
(509.2950443884512+5.679425547890858e-16j)
(509.30291586705454-3.9323653676954684e-17j)
(509.31076985356424+1.9776913832683382e-16j)
(509.31860158065854+3.802811748420425e-16j)
(509.3264063405968-5.6029144087326955e-18j)
(509.33417949015524+1.2668408180338657e-16j)
(509.3419164554863+5.217894638400569e-16j)
(509.3496127369012-2.513637353772213e-16j)
(509.3572639135677+7.1857324982008e-17j)
(509.3648656481178+1.540239460966699e-16j)
(509.3724136911629-3.0390279860810444e-16j)
(509.37990388571137-6.199085844656498e-17j)
(509.3873321714848+2.275264451304598e-16j)
(509.3946945891241+9.164585519115923e-17j)
(509.4019872842887-3.450531196565887e-16j)
(509.4092065116383+2.9073409836498376e-16j)
(509.4163486386997+1.6809577180189831e-16j)
(509.42341014960505-7.125604220283339e-17j)
(509.43038764870886+1.0702257392841764e-16j)
(509.4372778640728-7.986200850792165e-16j)
(509.4440776508183+2.937980365023639e-17j)
(509.45078399434095+1.2646650774020442e-16j)
(509.4573940133873-5.027054484938925e-16j)
(509.46390496298534-2.52545494167558e-16j)
(509.4703142372324+4.3163723535409486e-16j)
(509.4766193719343-7.146964919011872e-17j)
(509.48281804709126-6.390862571910535e-17j)
(509.48890808923045+3.8931083424586403e-17j)
(509.4948874735845-6.22423350914389e-16j)
(509.50075432611135-1.2475100243144153e-16j)
(509.50650692535146-9.301847395412386e-17j)
(509.51214370412714-8.535352438093507e-17j)
(509.517663251075-2.4233748512060615e-16j)
(509.5230643120143+7.712535205218472e-17j)
(509.5283457911504-3.580907857964029e-17j)
(509.5335067521077+1.6077845590570245e-16j)
(509.53854641879724+2.5921538817727667e-16j)
(509.54346417611055-4.572968818540294e-16j)
(509.54825957044795-5.676458149049289e-17j)
(509.55293231007346+1.1455770800487788e-16j)
(509.55748226529766-1.33930241148922e-17j)
(509.5619094684936-2.264069181741901e-16j)
(509.5662141139369+2.4363381948902943e-16j)
(509.57039655747724+6.047223135457513e-16j)
(509.57445731603815+4.2390373498319904e-17j)
(509.57839706695023+6.107546066020011e-16j)
(509.5822166471057-1.6988135477836183e-16j)
(509.5859170519574+2.850037785107276e-16j)
(509.5894994343387+3.5424344488699886e-16j)
(509.59296510312237+7.278546501560735e-17j)
(509.59631552171504+1.6288112079646364e-16j)
(509.5995523063846+4.854609988796799e-16j)
(509.6026772244291+1.2335283001458984e-16j)
(509.60569219218377+3.2951484761705307e-16j)
(509.608599272869+3.2415872334429417e-16j)
(509.6114006742866-9.704164488349182e-17j)
(509.6140987463575-1.0924226283930098e-16j)
(509.616695978511+4.650339176380448e-16j)
(509.61919499692476+2.664735256881714e-16j)
(509.62159856162106-3.4506569752174884e-16j)
(509.6239095634154+3.1522744103913404e-16j)
(509.62613102073107-1.7898539716577538e-16j)
(509.62826607627386-8.009537376233176e-18j)
(509.6303179935729+3.242570864184495e-16j)
(509.6322901533937-6.452047742534131e-16j)
(509.6341860500248-1.5618422745840581e-16j)
(509.6360092874403+2.2436711591159007e-16j)
(509.6377635753448+1.0319140892625375e-16j)
(509.6394527251038-3.269051387792915e-16j)
(509.641080645564+5.976417050613731e-17j)
(509.6426513387649+7.11717469207633e-17j)
(509.6441688955517+3.879577660149743e-17j)
(509.64563749108544+3.9977894181473384e-16j)
(509.64706138026685-6.091472780135118e-16j)
(509.64844489306466+1.776509031414606e-16j)
(509.649792429764+1.220930244037615e-16j)
(509.65110845613606-2.2703110651667755e-16j)
(509.65239749852793+1.7430467905796665e-16j)
(509.6536641388909+2.1089221331535717e-16j)
(509.6549130097377-9.117032565679828e-17j)
(509.6561487890451-2.982816159266704e-16j)
(509.6573761950979+2.57397290990914e-16j)
(509.6585999812862-3.8268173926893664e-16j)
(509.6598249308604+5.733310046245717e-18j)
(509.6610558516443+2.5491587109528383e-16j)
(509.66229757071534-4.3374477332850743e-16j)
(509.66355492906024-3.266749277424747e-17j)
(509.66483277620404+6.957110180079276e-17j)
(509.66613596482335+3.96665837806856e-16j)
(509.66746934535036-2.0012978209422203e-17j)
(509.668837760564+5.773911157599422e-16j)
(509.6702460401898-6.404986496802667e-17j)
(509.67169899549464+1.9856769628043367e-16j)
(509.6732014138985+5.265528728617099e-16j)
(509.6747580535968-1.0083597610917304e-16j)
(509.67637363820955-1.2105470323709312e-16j)
(509.6780528514493+3.027238263277073e-16j)
(509.6798003318268+4.511759515107365e-16j)
(509.68162066739137+1.5291391153435632e-16j)
(509.68351839051326+6.94086554789576e-16j)
(509.68549797271476+2.4533251475125918e-17j)
(509.68756381955427+1.7786209332537566e-16j)
(509.68972026556656+4.444508275202658e-16j)
(509.6919715692695+1.4198794629577964e-16j)
(509.6943219082348+3.583773586306496e-16j)
(509.69677537423826+4.938993589247758e-16j)
(509.6993359684801+4.344824174046701e-17j)
(509.70200759689703+1.0317327588894828e-16j)
(509.7047940655568+2.74731572580912e-16j)
(509.7076990761452-1.3204278180830316e-16j)
(509.7107262215557+7.247393005868379e-17j)
(509.7138789815722+4.678501533875606e-16j)
(509.71716071866854+2.2689169559695774e-16j)
(509.7205746739094-5.421217907714226e-17j)
(509.72412396297057+3.97030047005453e-16j)
(509.7278115722774+2.457067090953048e-16j)
(509.73164035526634-1.0689005966747232e-16j)
(509.73561302877306+1.9094455481832434e-16j)
(509.73973216954937-6.798449866561819e-16j)
(509.7440002109187-8.179504793772633e-17j)
(509.74841943956403+1.9672246249530997e-16j)
(509.75299199246064-3.254238610223921e-16j)
(509.7577198539515+1.4080448747631185e-17j)
(509.762604852971+6.132620181985156e-16j)
(509.76764866041754+1.7264450554614774e-16j)
(509.7728527866807+4.154040583204374e-17j)
(509.77821857932236+1.5764834488845781e-16j)
(509.7837472209201-6.10739696675353e-16j)
(509.78943972706617-2.1770197628543694e-16j)
(509.7952969445328+4.62379504911172e-17j)
(509.8013195496005+1.9609604788670666e-16j)
(509.8075080465535-2.1216725643476883e-18j)
(509.8138627663469+2.1774618520744928e-16j)
(509.820383865438+2.3542387352128145e-16j)
(509.82707132479203+2.5985435994484494e-16j)
(509.8339249490631+3.3868499357205463e-16j)
(509.84094436594273-2.557581587574791e-16j)
(509.84812902569035-1.89197637186032e-17j)
(509.85547820083235+1.6515664768776427e-16j)
(509.86299098604115+9.058694911755347e-17j)
(509.8706662981879+3.5186260728132766e-17j)
(509.87850287657363+3.687027168747998e-16j)
(509.8864992833371+6.619744641431363e-16j)
(509.894653904035+4.4353970739909967e-16j)
(509.90296494840345+6.753695838445943e-16j)
(509.9114304512905+1.0867472918550994e-16j)
(509.9200482737662+3.5054087260919517e-16j)
(509.92881610440617+4.56566068158368e-16j)
(509.93773146074557+2.8289777300333865e-16j)
(509.94679169091+4.4183733101967454e-16j)
(509.9559939754101+5.657052164918147e-16j)
(509.96533532911207+4.2390987191190153e-16j)
(509.9748126033695+4.381752883030216e-16j)
(509.98442248832504+4.350132925587132e-16j)
(509.9941615153719+2.8706512987416965e-17j)
(510.00402605977916-1.1951304945247656e-16j)
(510.01401234347514+4.931519741836565e-16j)
(510.0241164379869+3.022555638188297e-16j)
(510.0343342675334-3.238672810468637e-17j)
(510.04466161227145+3.2816067493992584e-16j)
(510.05509411168583+5.88250364154681e-17j)
(510.0656272681297+2.834063911700177e-16j)
(510.0762564505016+4.814748553240798e-16j)
(510.08697689806553-3.918208758501877e-16j)
(510.09778372440223-4.801750017635969e-18j)
(510.10867192149277+3.1757321125601187e-16j)
(510.1196363639323+1.736708996357768e-16j)
(510.1306718132637+9.746793474164518e-17j)
(510.14177292243147+9.858695113095405e-17j)
(510.1529342403543+1.9001248112093178e-16j)
(510.1641502166056+2.934148537926936e-16j)
(510.17541520620097+3.552380016926927e-16j)
(510.18672347449143-3.863361940907649e-16j)
(510.19806920214955+1.3588381939994354e-16j)
(510.20944649025347+1.7146996763933087e-16j)
(510.22084936545673-2.3042128572705643e-16j)
(510.23227178524047+4.554427818779137e-16j)
(510.2437076432506+2.5315432506812597e-16j)
(510.2551507746981+9.822328961014337e-17j)
(510.2665949618387-5.706367723546497e-17j)
(510.27803393950904+4.793617466808189e-16j)
(510.2894614007236-1.3026192330298018e-16j)
(510.3008710023244+8.686718115952444e-17j)
(510.31225637067746+2.834199652839101e-16j)
(510.3236111074116-2.781144934756254e-16j)
(510.33492879519645+3.941904908044047e-16j)
(510.34620300354686+7.174922709254251e-17j)
(510.35742729465835+6.404578190890726e-16j)
(510.3685952292597+1.7762807199651792e-16j)
(510.3797003724785+6.552100156554137e-16j)
(510.3907362997237+2.4226802809260503e-16j)
(510.4016966025614+3.4093889515808795e-16j)
(510.41257489459554+4.885138228152149e-16j)
(510.42336481734003-6.459392534553062e-17j)
(510.4340600460733+2.0243982721197796e-16j)
(510.4446542956822+3.3931987777785104e-16j)
(510.4551413264719+5.57503555522169e-16j)
(510.46551494995407+3.4049945524682764e-16j)
(510.4757690345947+7.434255086495211e-16j)
(510.48589751152326+1.2564112980809651e-17j)
(510.49589438019484+1.6133946933011857e-16j)
(510.5057537139992+3.8034963469517e-16j)
(510.51546966581554+2.029812703019595e-16j)
(510.5250364735035+5.612007408085737e-16j)
(510.53444846532363+4.0733072338621617e-16j)
(510.54370006529075+2.15021397307951e-16j)
(510.55278579844367+2.1998630249676133e-16j)
(510.56170029603436+2.3532499117423266e-16j)
(510.57043830062946+2.0956232495222045e-17j)
(510.57899467111855+9.39239377391519e-17j)
(510.58736438762287+5.158305133131122e-16j)
(510.5955425563037+1.2830159705737882e-16j)
(510.6035244140619+3.9390551847057206e-17j)
(510.611305333128+3.1096613979334463e-16j)
(510.6188808255334+3.8637281625182896e-16j)
(510.6262465474632-8.556962976643394e-17j)
(510.63339830348275+1.8904466735992225e-16j)
(510.64033205063924-5.42707586535347e-16j)
(510.6470439024228-1.388461757309189e-16j)
(510.65353013260193+1.0886596193346355e-16j)
(510.6597871789086-2.4345151667134305e-16j)
(510.66581164658584+1.2497100449631116e-16j)
(510.6716003117849+6.225557768572119e-16j)
(510.6771501248156+2.3137500461735876e-16j)
(510.68245821323643+9.166378103461845e-17j)
(510.68752188479573+1.8667767618939737e-16j)
(510.6923386302068-6.111324197117007e-16j)
(510.6969061257659-3.68482227708014e-16j)
(510.7012222358004-2.503607957892183e-17j)
(510.7052850149528+1.4063009666453434e-16j)
(510.7090927102959+6.158409872847781e-17j)
(510.712643763273+1.924123538626194e-16j)
(510.715936811469+3.9232136279644376e-16j)
(510.7189706902004+2.8542609705257993e-16j)
(510.72174443393425+3.0592033585301146e-16j)
(510.7242572775255-1.064985152654366e-16j)
(510.72650865727684-1.6729237544138162e-16j)
(510.7284982118128+1.2413015011015504e-16j)
(510.73022578278045-1.602030129158186e-17j)
(510.7316914153605+1.747694510629662e-16j)
(510.7328953585992+4.334041231181351e-16j)
(510.73383806555626+5.838440526154603e-16j)
(510.73452019326896+5.997371619371568e-16j)
(510.7349426025322+6.098034392951998e-16j)
(510.735106357497+1.8799257185472354e-16j)
(510.7350127250832+2.6979032564557244e-16j)
(510.7346631742116+4.11530850592339e-16j)
(510.734059374854+2.432779239371448e-16j)
(510.7332031969011+4.717518447540264e-16j)
(510.7320967088493+6.522822185085846e-16j)
(510.7307421763116+5.523996861919141e-16j)
(510.7291420603483+4.818108861865983e-16j)
(510.72729901562303+3.157050277003748e-16j)
(510.72521588838214+1.123641575548388e-16j)
(510.7228957142641-3.0575187928337212e-16j)
(510.7203417159369+3.8489330259278713e-16j)
(510.7175573005668+2.2185396733344942e-16j)
(510.71454605712125+1.1186054159528541e-16j)
(510.7113117535093+3.3895926895817268e-16j)
(510.70785833355836+1.622569896685161e-16j)
(510.70418991383616+4.0328890639200235e-16j)
(510.70031078031406+5.7069018084953e-16j)
(510.69622538488255-2.543970750606398e-16j)
(510.6919383417114-3.6782746658573005e-17j)
(510.687454423471+3.0851466711219337e-16j)
(510.6827785574092+9.183209569025514e-17j)
(510.677915821287+3.2123610815633e-16j)
(510.6728714391847+2.602525463617274e-16j)
(510.6676507771737+2.0498550453139685e-16j)
(510.6622593388639+2.5688348004587834e-16j)
(510.6567027608271+2.758878697669875e-16j)
(510.6509868079036-3.2739703248430275e-16j)
(510.64511736839444-1.5906493629476748e-16j)
(510.6391004491457+5.4337743525709704e-17j)
(510.6329421705242-2.264954748762993e-16j)
(510.6266487613008+4.598402532544365e-16j)
(510.6202265534296+4.500280429172591e-16j)
(510.61368197674454+4.651187804303607e-17j)
(510.60702155356626+4.76931813236723e-17j)
(510.6002518932319+6.220604692541333e-16j)
(510.59337968654626+3.410477072589959e-17j)
(510.58641170016637+6.429666201732762e-17j)
(510.57935477092207+3.1458966519155176e-16j)
(510.5722158000725-1.0833508861168792e-16j)
(510.5650017475145+5.893952468786593e-16j)
(510.557719625941+3.021551424137833e-16j)
(510.550376494953+7.680156495057934e-16j)
(510.5429794551405+2.568552317311438e-16j)
(510.5355356421267+6.749451638524231e-16j)
(510.5280522205874+4.575144515949055e-16j)
(510.52053637825105+3.488360946579908e-16j)
(510.5129953198844+4.207553730449633e-16j)
(510.5054362612646+6.298343347670236e-17j)
(510.4978664231527+3.30679565697308e-16j)
(510.4902930252684+4.59004850492844e-16j)
(510.48272328026906+6.400144259378209e-16j)
(510.4751643877462+4.207869166050179e-16j)
(510.4676235282401+8.435594313792846e-16j)
(510.4601078572754+1.8314409412996046e-16j)
(510.45262449943476+1.1791452112371515e-16j)
(510.4451805424582+3.645779038971274e-16j)
(510.437783031394+2.4338038990016443e-16j)
(510.43043896278897+7.215224841749047e-16j)
(510.4231552789342+5.304432690750404e-16j)
(510.4159388621681+3.6358471952937157e-16j)
(510.40879652924383+3.8739944596210333e-16j)
(510.4017350257592+3.573012105867372e-16j)
(510.39476102067044+3.199918441324583e-16j)
(510.38788110087467+1.914691678102134e-16j)
(510.3811017658802+6.787157879511961e-16j)
(510.3744294225669+3.0494730824499126e-16j)
(510.3678703800366+3.4150135440149057e-16j)
(510.36143084456654+5.205907310701846e-16j)
(510.3551169146586+4.609634796570257e-16j)
(510.3489345762063-1.2066560967068363e-16j)
(510.34288969776253+3.28079051643689e-16j)
(510.33698802593443-2.3212391500556285e-16j)
(510.33123518089144-9.08656681323789e-17j)
(510.32563665200115+1.8850256861558302e-16j)
(510.32019779359524+1.3225138039012739e-17j)
(510.3149238208672+2.481689555225838e-16j)
(510.30981980590406+8.238103141304113e-16j)
(510.304890673865+2.822914087832659e-16j)
(510.3001411992966+2.073884163868907e-16j)
(510.29557600259943+2.972551982303023e-16j)
(510.29119954664407-4.171290605338947e-16j)
(510.28701613354144-3.710306206593296e-16j)
(510.2830299015672+7.815337352413672e-17j)
(510.27924482224716+2.201794102472147e-16j)
(510.27566469760524+1.821927734307462e-16j)
(510.2722931575733+3.1407253837928604e-16j)
(510.2691336575675+5.769207349777766e-16j)
(510.2661894762388+3.8340464059186437e-16j)
(510.2634637133853+3.7064335171869996e-16j)
(510.26095928804324+2.0423464229197757e-16j)
(510.25867893675246-7.281196183794053e-17j)
(510.25662521199104+3.1522364971344825e-16j)
(510.2548004807952+1.489772601408216e-16j)
(510.25320692355086+3.773362656699144e-16j)
(510.2518465329663+5.781105406118858e-16j)
(510.25072111322567+5.352427075694512e-16j)
(510.2498322793207+6.521891125980293e-16j)
(510.24918145656324+5.880199052121852e-16j)
(510.2487698802817+4.159436051438568e-16j)
(510.2485985956943+3.546813271014069e-16j)
(510.24866845796424+4.718347351119172e-16j)
(510.24898013243904+4.241221849516693e-16j)
(510.24953409506617+5.819555934994828e-16j)
(510.25033063298747+7.023478780005803e-16j)
(510.2513698453175+7.089513831950173e-16j)
(510.252651644092+5.101363104364868e-16j)
(510.2541757553998+2.7535792220143003e-16j)
(510.25594172068725+2.7611800283342464e-16j)
(510.25794889823317-2.411103416136162e-16j)
(510.26019646480046+4.0406232181434604e-16j)
(510.2626834174565+3.064599705727611e-16j)
(510.26540857556006+3.555883998283335e-16j)
(510.2683705829156+4.634905326328557e-16j)
(510.2715679100891+3.0254875231390735e-16j)
(510.2749988568884+4.528383753507382e-16j)
(510.2786615549998+6.626729010518907e-16j)
(510.2825539707789-4.3037423377832824e-17j)
(510.28667390819743+8.385667353718726e-17j)
(510.29101901193485+3.4402980386850883e-16j)
(510.29558677062147+2.0541758424595407e-16j)
(510.300374520221+4.90089375280083e-16j)
(510.3053794475522+3.2409258799946515e-16j)
(510.31059859394776+1.7172802061154368e-16j)
(510.3160288590431+2.2309615905411014e-16j)
(510.3216670046953+1.5590811787733512e-16j)
(510.3275096590226-1.1462420733675252e-16j)
(510.3335533205657-2.392253918266801e-16j)
(510.33979436256334+6.674679442429184e-17j)
(510.3462290373392-2.683568667945221e-17j)
(510.3528534807932+3.825025753261819e-16j)
(510.3596637169968+4.528983004954696e-16j)
(510.3666556628828+7.272525338596897e-17j)
(510.37382513302924+4.4112453115053825e-17j)
(510.381167844528+5.238043445185594e-16j)
(510.388679421938+1.9926133668502086e-16j)
(510.3963554023112-6.464363402941536e-17j)
(510.4041912402964+2.514120297470502e-16j)
(510.412182313303-4.7562296023973425e-17j)
(510.42032392673093+6.256123675864088e-16j)
(510.42861131925275+2.772748235527378e-16j)
(510.43703966814945+6.814248810297161e-16j)
(510.4456040946882+1.349890701888696e-16j)
(510.4542996695402+4.02409639287976e-16j)
(510.4631214182348+4.54623837216586e-16j)
(510.47206432663774+1.8576205411298395e-16j)
(510.4811233464555+2.400223096057585e-16j)
(510.490293400754-8.463960411062657e-17j)
(510.4995693894911+2.7963476530177366e-16j)
(510.50894619505226+2.8437758978532845e-16j)
(510.5184186877879+5.056807319532586e-16j)
(510.5279817315453+3.2233912611166016e-16j)
(510.5376301891859+6.418218419041958e-16j)
(510.5473589280903+2.4247587152577996e-16j)
(510.55716282563736-6.193235296074745e-17j)
(510.56703677465674+7.435785709901986e-17j)
(510.57697568884424+9.920577724748835e-17j)
(510.5869745081437+6.46566619672548e-16j)
(510.5970282040783+3.4074177864947074e-16j)
(510.6071317850341+2.1638106719766744e-16j)
(510.61728030148765+2.426522793141634e-16j)
(510.6274688511725+1.286646972692716e-16j)
(510.63769258417614+2.3022559904682307e-16j)
(510.64794670797346-9.809916418404262e-17j)
(510.6582264923713+3.3434608322511174e-16j)
(510.66852727438317+7.923771620064988e-17j)
(510.6788444630081+1.9741491672844977e-16j)
(510.6891735439223+2.3634539307926295e-16j)
(510.6995100840719+1.7848931678485407e-16j)
(510.7098497361668-4.785160621975725e-16j)
(510.7201882430655-1.2191724978652319e-17j)
(510.7305214420515-2.3845950606837323e-16j)
(510.7408452689933-3.8911001558064617e-16j)
(510.7511557623868-3.357997307858105e-17j)
(510.7614490672733-2.0863334126265546e-16j)
(510.7717214390304-4.251188573704868e-17j)
(510.7819692470285+5.28101527136889e-16j)
(510.7921889781603+8.687927509996702e-18j)
(510.8023772402205-3.187403539927652e-16j)
(510.81253076515225-1.2844518587082042e-16j)
(510.82264641214425-6.070125613042911e-16j)
(510.83272117057766-7.911031288472937e-16j)
(510.8427521628224-2.293819614815199e-16j)
(510.8527366468821-2.4272626649272627e-16j)
(510.86267201887324-1.7741211761896532e-16j)
(510.8725558153516-8.008114974622018e-17j)
(510.8823857154729+2.9609938791556584e-16j)
(510.8921595429885+1.6604470496626132e-17j)
(510.9018752680731+1.0286020723257822e-16j)
(510.9115310089878-2.9953886327484274e-17j)
(510.9211250335643-3.932956161947486e-16j)
(510.9306557605272+1.2099128445070601e-17j)
(510.9401217606311-2.1941732881170244e-16j)
(510.9495217576328+7.012907785373753e-17j)
(510.9588546290801+1.4719712429955313e-16j)
(510.96811940692885+9.414229646074038e-17j)
(510.97731527797697+2.89881449546402e-16j)
(510.9864415841251+1.556405826823365e-16j)
(510.9954978224558+2.0771703778745847e-16j)
(511.0044836451345+1.9206793486579517e-17j)
(511.01339885913234+1.6766906181725809e-16j)
(511.02224342576926+1.024872692305901e-16j)
(511.03101746007917+2.110495722053132e-16j)
(511.03972123000017+3.4622501039512733e-16j)
(511.0483551553817+3.3490982286984233e-16j)
(511.05691980682326-2.1691159317897695e-17j)
(511.0654159043306-1.7905660133392089e-16j)
(511.07384431580533-8.724912049145032e-17j)
(511.0822060553571-7.0519331503331125e-16j)
(511.09050228144804-5.875900366341385e-18j)
(511.09873429486714-8.972224072380422e-17j)
(511.1069035365384+2.923628800543787e-17j)
(511.11501158516353+1.2226415883485748e-16j)
(511.1230601547056-8.417630716251523e-17j)
(511.1310510917065-1.3517642695267772e-16j)
(511.13898637245404+2.225572107653873e-16j)
(511.14686809998943-3.4786800522124894e-16j)
(511.15469850096747-3.6429982187620036e-16j)
(511.16247992236583-6.897667644162264e-17j)
(511.17021482804904-1.9858826082181156e-16j)
(511.1779057951934+1.0102886478781753e-16j)
(511.18555551057153-6.084391852085218e-17j)
(511.19316676670337-1.8460736376341666e-16j)
(511.2007424578787-2.324607419108752e-16j)
(511.20828557604744-3.010284876582667e-16j)
(511.2157992065965-4.604274817037799e-16j)
(511.22328652400074-7.409788454274877e-16j)
(511.23075078736355-2.8639537854769457e-16j)
(511.23819533584924-3.928137323574923e-16j)
(511.2456235840086-1.6910439398533084e-16j)
(511.2530390170058-1.729834450391092e-17j)
(511.2604451857517-2.9250160094632847e-16j)
(511.2678457019437-3.4809457932519504e-16j)
(511.27524423302214+5.4542151923803455e-17j)
(511.2826444970515-6.124421659956463e-17j)
(511.2900502575179-5.735473003293523e-16j)
(511.2974653180633-1.3871037053940156e-16j)
(511.3048935171557-2.4639656944728736e-16j)
(511.3123387226994+3.495181074228745e-16j)
(511.31980482659077+2.5150387542303566e-17j)
(511.3272957392283+2.560967846854444e-16j)
(511.33481538398297-3.3359982075069347e-16j)
(511.3423676916267-7.516492168388007e-17j)
(511.3499565947356+8.996927747701594e-17j)
(511.35758602206573-3.5827502955898394e-16j)
(511.365259892912-9.631608146777745e-17j)
(511.3729821114512-3.5757224086052167e-16j)
(511.3807565610791-4.827950415250779e-17j)
(511.3885870987489-3.0726820331813295e-17j)
(511.39647754930735+1.3819094884413917e-16j)
(511.40443169984866-3.4674773199995307e-17j)
(511.4124532940798+2.6921534091497996e-16j)
(511.4205460267092+9.089788119191895e-17j)
(511.4287135378643-4.653931942441238e-16j)
(511.4369594075391-2.8686246311708786e-16j)
(511.4452871500884-9.58101874820878e-17j)
(511.4537002087578+4.0205212697243577e-16j)
(511.46220195027286+1.199696324088198e-16j)
(511.4707956594792+1.1323061188508066e-16j)
(511.47948453405166+5.074511195625349e-17j)
(511.48827167926123-7.442409032366268e-17j)
(511.49716010282475+7.708147802312324e-17j)
(511.50615270982917-4.316847937819549e-16j)
(511.51525229774074+6.16203917019112e-17j)
(511.5244615515029+2.883434080201963e-17j)
(511.53378303873126+1.102399874812513e-16j)
(511.5432192050052+1.0207353229949428e-16j)
(511.5527723692677-1.6514202712882792e-16j)
(511.5624447193346-8.052122853752048e-16j)
(511.5722383075137-2.5544788092255663e-16j)
(511.58215504635297-2.910809497890463e-16j)
(511.5921967045031-7.77290369009411e-16j)
(511.6023649027155-1.988527888886274e-16j)
(511.6126611099706-3.2898161622765515e-16j)
(511.62308663974284-1.7085476434036507e-16j)
(511.6336426464106+4.0735197139183605e-16j)
(511.6443301218077-7.568541939176797e-17j)
(511.65514989192536-7.14380484847245e-16j)
(511.6661026137714-3.9117851955394215e-16j)
(511.6771887723798-6.327498947523827e-16j)
(511.6884086779849-1.030581491434688e-15j)
(511.6997624633574-4.18734745009399e-16j)
(511.71125008130815-2.2961663739716447e-16j)
(511.72287130235907-2.764640925098965e-16j)
(511.73462571259034-1.83723394513705e-16j)
(511.7465127116598+1.8788766018935887e-16j)
(511.7585315109989-2.305844766617589e-16j)
(511.7706811321944-5.937962124197104e-17j)
(511.7829604055433-6.980261616329958e-17j)
(511.7953679687999-5.328738148425116e-16j)
(511.80790226610304-1.826482055211462e-16j)
(511.8205615470947-2.1616873748513855e-16j)
(511.83334386622386+2.3041521240712853e-17j)
(511.84624708224237+2.3061057312780584e-17j)
(511.8592688578931-1.8039924018143554e-16j)
(511.8724066597865+1.5052130803685642e-16j)
(511.88565775847417+2.1943018907883296e-18j)
(511.8990192287105+1.5878270327062135e-16j)
(511.9124879499139-1.6354518088987434e-16j)
(511.9260606068158+3.181973679738674e-17j)
(511.9397336903075+1.9243320593125855e-16j)
(511.95350349847774+1.9590221543897963e-16j)
(511.96736613784446+1.6861460432848006e-16j)
(511.9813175247796+2.2460977001302533e-16j)
(511.9953533871206-9.729408354268255e-17j)
(512.0094692659804-2.1408266533822572e-16j)
(512.0236605177397-1.074780807286439e-17j)
(512.0379223162302-7.363579202194574e-16j)
(512.0522496551027-1.128667503550694e-16j)
(512.0666373503832-6.244233406362961e-17j)
(512.0810800432064+1.1875685406199215e-16j)
(512.0955722027353+1.146256660924899e-16j)
(512.1101081292528-9.079458773138631e-17j)
(512.1246819574385-2.4671682738375437e-16j)
(512.139287659807+8.209196448326687e-17j)
(512.1539190503275-2.055093151011455e-16j)
(512.1685697882027-3.638583472563974e-16j)
(512.1832333818184-2.1110912038995256e-16j)
(512.197903192849-1.2342822035027472e-16j)
(512.2125724405254+1.366824326665442e-16j)
(512.2272342060528-2.4014931863336533e-16j)
(512.24188143718-2.0371678312137326e-16j)
(512.2565069529186-3.3857840895915923e-16j)
(512.2711034483981-4.3501911864883463e-16j)
(512.2856634998653-3.6171914916526387e-16j)
(512.3001795698127-8.456415314735834e-16j)
(512.3146440122404-3.2129799895215145e-16j)
(512.3290490780387-2.586539353802374e-16j)
(512.3433869204943-2.141326223839678e-16j)
(512.3576496009111-3.046686592918919e-16j)
(512.3718290943364-1.7496239920699023e-16j)
(512.3859172954001-2.9003733579722674e-16j)
(512.3999060242487-8.76282509080775e-17j)
(512.4137870325746+6.23396961937341e-17j)
(512.427552009736-6.058196342309017e-16j)
(512.4411925889609-2.837448724589706e-16j)
(512.4547003536277-5.867449558970105e-17j)
(512.4680668436188+4.290210699118146e-16j)
(512.4812835617438-2.4067485350451018e-17j)
(512.4943419802206+1.6309272180077949e-16j)
(512.5072335472138-4.2233245181594326e-16j)
(512.5199496934212-2.0409846853322323e-16j)
(512.532481838705+2.3594991643805126e-16j)
(512.5448213987619-4.131065108815257e-16j)
(512.5569597918193-1.6944161703212998e-16j)
(512.5688884453635-1.858826244150212e-16j)
(512.5805988028828+1.0867424792522472e-16j)
(512.592082330625+2.52498092627827e-18j)
(512.6033305243612+1.4661373716896253e-16j)
(512.6143349161543-5.887656638709915e-17j)
(512.6250870811137+9.029144952519824e-17j)
(512.6355786441478+1.8999479709422963e-16j)
(512.6458012866918-5.28835077358042e-16j)
(512.655746753417-3.4643515258690757e-16j)
(512.6654068589038+3.207961799517879e-17j)
(512.6747734942853+3.5054992299021593e-16j)
(512.6838386338435+1.0032183418456946e-16j)
(512.6925943415587+1.866264378642432e-16j)
(512.7010327776064+1.4486443542640229e-16j)
(512.7091462047907-3.152074254085107e-17j)
(512.7169269949121+1.6827210160960765e-16j)
(512.7243676350663-4.63019237150427e-16j)
(512.7314607338612+1.0494256710667158e-17j)
(512.7381990275514+9.556889722774245e-17j)
(512.7445753860832+1.5354007101549422e-16j)
(512.7505828190452+6.893677460712499e-17j)
(512.7562144815189-1.911926314467555e-16j)
(512.7614636798216-7.704040286020538e-16j)
(512.7663238771385-2.6721476256416204e-16j)
(512.7707886990395-7.823563962909789e-17j)
(512.7748519388743-8.501515521302958e-16j)
(512.7785075630392-1.6195301850452946e-16j)
(512.7817497161135-1.740437595703221e-16j)
(512.7845727258618-1.2383078901132002e-16j)
(512.7869711080903+3.687773939009775e-16j)
(512.7889395713621-1.7368167332964555e-17j)
(512.7904730215628-7.91386506743977e-16j)
(512.7915665663066-3.9807585669248037e-16j)
(512.7922155191924-5.021423032277388e-16j)
(512.7924154038897-1.0996860755973845e-15j)
(512.7921619580654-5.592866378357768e-16j)
(512.7914511371347-2.1139945535800773e-16j)
(512.7902791178448-2.57421203158934e-16j)
(512.7886423016769-1.4561317210677957e-16j)
(512.786537318072+1.7068694226498217e-16j)
(512.7839610274724-3.568855626266532e-16j)
(512.7809105241782-1.0135499496765763e-16j)
(512.777383139015-4.0431876185884584e-17j)
(512.7733764418106-6.290680262342477e-16j)
(512.7688882436803-2.514044995695459e-16j)
(512.7639165991146-2.239191438249941e-16j)
(512.7584598078711+8.376750011509316e-17j)
(512.7525164166657+4.9169529260471354e-17j)
(512.7460852206663-3.569713853539472e-16j)
(512.7391652647809+6.162641322543213e-17j)
(512.7317558447439+1.2372710559067537e-17j)
(512.723856507998+1.2609137231279026e-16j)
(512.7154670543704-4.0270746112530096e-16j)
(512.706587536544-3.416954030305517e-17j)
(512.6972182603203+2.7978247442068454e-16j)
(512.6873597846762+2.1093360538509465e-16j)
(512.6770129216162+1.5913204023984158e-16j)
(512.6661787358146+1.0052023161363791e-16j)
(512.654858544051+2.8418629059131455e-17j)
(512.6430539144442-1.379483561196177e-16j)
(512.6307666654757+6.043965794719407e-17j)
(512.617998864811-7.203362515640144e-16j)
(512.604752827916-9.843936054001184e-17j)
(512.5910311164728-1.3941661017348464e-16j)
(512.5768365365947+2.6391482882381204e-16j)
(512.5621721368395+1.7180379296569155e-16j)
(512.5470412060266-1.2761306265098333e-16j)
(512.5314472708588-2.11357876982919e-16j)
(512.5153940933501+6.301885387663727e-17j)
(512.498885668064-6.167391717564342e-17j)
(512.4819262191584-4.0314564408682305e-16j)
(512.4645201972512-2.2044739021801156e-16j)
(512.4466722760973-9.029006150564003e-17j)
(512.4283873490858+2.958610034819847e-16j)
(512.4096705255663-1.410701279767559e-16j)
(512.3905271269911-3.210571491884298e-16j)
(512.3709626828968-3.6898158632047545e-16j)
(512.3509829267125-3.978512796050139e-16j)
(512.3305937914114-2.8384377034627504e-16j)
(512.3098014049959-9.935246121378422e-16j)
(512.2886120858349-2.4284113447711017e-16j)
(512.2670323378468-1.661758374761358e-16j)
(512.245068845537-1.508172985769533e-16j)
(512.2227284688935-2.1822960112925414e-16j)
(512.2000182381455-1.3169519415137928e-16j)
(512.176945348391-1.2377312029742673e-16j)
(512.1535171540927-1.7685450610295352e-17j)
(512.1297411634582+1.7601140048705253e-16j)
(512.1056250326945-4.896693234256243e-16j)
(512.081176560157-9.085300915137583e-17j)
(512.0564036803877+2.555402408215333e-16j)
(512.0313144580533+5.979240479423551e-16j)
(512.005917081787+2.4637270255166753e-16j)
(511.9802198579387+1.6164069267289925e-16j)
(511.9542312042405-4.230332747985293e-16j)
(511.92795964339575-8.680921800225912e-17j)
(511.9014137965888+3.9051063963740373e-16j)
(511.87460237693347-3.739110008820137e-16j)
(511.84753418285425+2.8163864225398253e-17j)
(511.8202180914165+1.8136756480401044e-16j)
(511.7926630516022+3.1599815211200606e-16j)
(511.76487807754665+3.2533181570431e-16j)
(511.73687224173165+1.7735820583826967e-16j)
(511.70865466815457-5.18494705456341e-17j)
(511.6802345254634+4.711946417519215e-17j)
(511.6516210200802+2.9826277015385863e-16j)
(511.6228233893051-4.775754109354361e-16j)
(511.5938508944174-1.048938960897336e-16j)
(511.5647128137747+2.5847219143798983e-16j)
(511.5354184359141+4.3609386118407183e-16j)
(511.50597705267126+2.9346425369354365e-16j)
(511.4763979523089+2.533709312674678e-16j)
(511.4466904126767+3.162051501062833e-16j)
(511.4168636943945+1.8056387681112119e-16j)
(511.38692703407474+3.8864955555533584e-16j)
(511.356889637585-1.7453652900962973e-16j)
(511.3267606733597+2.790689689522901e-16j)
(511.2965492657621+5.273532445931046e-16j)
(511.2662644885101+5.55470775940239e-16j)
(511.2359153581624+4.281977357096384e-16j)
(511.2055108276787-1.4724496930451744e-16j)
(511.17505978005426-5.197084816506068e-16j)
(511.14457102203846-7.156553487082356e-18j)
(511.11405327793966+3.412908893464961e-16j)
(511.08351518351935-7.167078851108316e-16j)
(511.0529652799934+2.1372884134495734e-16j)
(511.022412008125+2.908717309365126e-16j)
(510.99186370243524+2.4985452213952777e-16j)
(510.96132858552244+6.682174240528402e-16j)
(510.9308147625003+9.338945106021567e-17j)
(510.9003302155585-4.61603327500078e-16j)
(510.869882798653-1.128359088136321e-16j)
(510.83948023232466-1.3737873281274391e-16j)
(510.8091300986574-7.0832209816553e-16j)
(510.7788398363753-1.415786324273523e-16j)
(510.74861673608433+1.178445951019016e-16j)
(510.7184679356633+2.0859683823050248e-16j)
(510.6884004158065+3.481871872638022e-16j)
(510.65842099572245+2.886010234975736e-16j)
(510.62853632899163-1.310453281548302e-16j)
(510.59875289959075+1.2087986879260816e-16j)
(510.56907701807455+2.615453588547462e-16j)
(510.5395148179376-3.6495977412076606e-16j)
(510.51007225213857+1.0294515634425277e-16j)
(510.480755089804+1.384382556704203e-16j)
(510.45156891310796+4.640125147835056e-16j)
(510.422519114332+3.9082995723194767e-16j)
(510.39361089310455-3.677285224552901e-16j)
(510.3648492538264+1.8943162980445206e-16j)
(510.3362390032786+2.499899866122104e-16j)
(510.3077847484219+3.963377069158068e-16j)
(510.27949089437953-3.269835863188332e-16j)
(510.2513616426137+2.3265407582358745e-16j)
(510.22340098929135+6.033811781155738e-16j)
(510.19561272384226+5.673161762183979e-16j)
(510.1680004277071+3.317582171714153e-16j)
(510.14056747328476+2.434446788852229e-16j)
(510.1133170230664+3.9376934838671763e-16j)
(510.0862520289663+2.0540008343700485e-16j)
(510.0593752318475+3.6773614879167615e-16j)
(510.0326891612376-1.5034127770392866e-16j)
(510.0061961352403+2.829530047836887e-16j)
(509.9798982606388+1.1421067091659976e-16j)
(509.9537974331898+7.590910123208686e-16j)
(509.9278953381111+5.180366360730638e-16j)
(509.9021934507552+1.0650539233523073e-16j)
(509.87669303747435+2.4300505400996185e-16j)
(509.8513951566718+3.425661701677821e-16j)
(509.82630066003736+3.200851755271169e-16j)
(509.8014101939693+8.333500045561997e-17j)
(509.77672420117284+2.906986063958069e-16j)
(509.7522429224448+3.1275696098394713e-16j)
(509.72796639862895+8.216031280018981e-16j)
(509.70389447275187+1.6534088882228345e-16j)
(509.6800267923241-1.3884975553914765e-16j)
(509.6563628118177+2.0065400012784235e-17j)
(509.6329017953041-1.486479747882696e-16j)
(509.60964281925993+1.4241477240933672e-16j)
(509.5865847755282-4.995077451324447e-16j)
(509.5637263744393+1.9720372342955814e-16j)
(509.5410661480831+3.091085316028961e-16j)
(509.5186024537317+3.3771130429927486e-16j)
(509.4963334774066+1.555364078395763e-16j)
(509.4742572375852+1.1125155053934958e-16j)
(509.4523715890501+3.3865471313279245e-16j)
(509.430674226866+2.0406985835874455e-16j)
(509.40916269048796+4.518629524229066e-16j)
(509.3878343679934-3.2014149619590354e-17j)
(509.3666865004346+2.9986583534280975e-16j)
(509.3457161863046+7.717735809522841e-16j)
(509.3249203861153+9.420074638505535e-16j)
(509.304295927079+5.190590547985912e-16j)
(509.28383950789254+3.1821159112409603e-16j)
(509.2635477036156-1.2034245049604908e-16j)
(509.24341697063767+6.399880150137245e-17j)
(509.22344365173365+6.605563388599515e-16j)
(509.2036239811985+3.72786622803844e-17j)
(509.1839540900514+3.9960090152611824e-16j)
(509.1644300113163+5.824050512606484e-16j)
(509.14504768536074+6.526133923998093e-16j)
(509.12580296529535+5.858569690963514e-16j)
(509.1066916224241+4.0143369654373297e-16j)
(509.08770935174323+2.206509390302073e-16j)
(509.06885177747944+1.983697489506834e-17j)
(509.05011445866603+4.481869310422074e-16j)
(509.031492894746-1.1055827968368075e-16j)
(509.01298253120325+2.2276817830488795e-16j)
(508.9945787652081+6.581385643307592e-16j)
(508.97627695127807+7.306897693443709e-16j)
(508.95807240694603+3.989269698543972e-16j)
(508.93996041842803+2.8541567781862723e-16j)
(508.9219362462877+4.661667883021267e-16j)
(508.9039951310911+2.413591517818752e-16j)
(508.8861322990444+4.404599034254615e-16j)
(508.86834296761276+1.7197945488401113e-16j)
(508.8506223511079+3.413117022931857e-16j)
(508.8329656662498+8.142493667952023e-16j)
(508.8153681376822+8.24675145757612e-16j)
(508.7978250034525+5.109530315281809e-16j)
(508.78033152043787-5.582954638376305e-17j)
(508.762882969718-1.3952617986642612e-16j)
(508.745474661889+1.6114155456895578e-16j)
(508.72810194231323+7.031358110621285e-16j)
(508.7107601962969-3.949885078324666e-16j)
(508.6934448541949+4.459016917168146e-16j)
(508.67615139643567+7.1346457301483915e-16j)
(508.65887535845843+5.297259313937134e-16j)
(508.64161233556484+7.521397107868956e-16j)
(508.6243579876748+2.2305701366648553e-16j)
(508.60710804397934-2.4401413440242326e-16j)
(508.58985830749947-1.0244691931663931e-16j)
(508.57260465952686+6.8773554212e-17j)
(508.5553430639592-3.804861690409418e-16j)
(508.538069571518+3.3991551140692915e-17j)
(508.5207803238463+2.443162119387495e-16j)
(508.50347155748017+4.685545896621553e-16j)
(508.48613960769615+4.490948064306218e-16j)
(508.46878091222504+3.570052582431836e-16j)
(508.4513920148324+1.6164560768712673e-17j)
(508.4339695687596+1.8289142851983656e-16j)
(508.41651034002336+3.914116880104739e-16j)
(508.39901121057386-1.1856901612222786e-16j)
(508.3814691813029+2.5514896915722543e-16j)
(508.3638813749026+3.287139014349484e-16j)
(508.3462450385728+5.873300715980403e-16j)
(508.3285575465743+4.3645756020286667e-16j)
(508.31081640262255-3.922032840943268e-16j)
(508.2930192421229+2.0620162726389773e-16j)
(508.27516383424864+1.5728467110669828e-16j)
(508.25724808385075+5.248737886182738e-16j)
(508.23927003320756-2.705926169296688e-16j)
(508.2212278636054+3.234230244125868e-16j)
(508.2031198967576+6.60957629940407e-16j)
(508.184944596048+6.200902084660236e-16j)
(508.1667005676118+2.7363767082374297e-16j)
(508.1483865612465+2.6564509515608696e-16j)
(508.13000147114855+4.379131834866127e-16j)
(508.11154433648267+2.6025344338649103e-16j)
(508.09301434178207+3.873680118770959e-16j)
(508.07441081717536+1.101604439835545e-16j)
(508.055733238443+2.3007026127136473e-16j)
(508.03698122690656+1.995489840950915e-16j)
(508.0181545491456+8.228630509079252e-16j)
(507.999253116547+5.508115961963834e-16j)
(507.9802769846876+1.8545448516704974e-16j)
(507.96122635254545+3.2536097793377415e-16j)
(507.94210156155464+3.869283543025608e-16j)
(507.92290309448293+3.600800742554895e-16j)
(507.9036315741588+1.9508073396380369e-16j)
(507.8842877620304+4.804996637697543e-16j)
(507.86487255656834+3.9935415386300976e-16j)
(507.84538699150977+9.750798672858628e-16j)
(507.825832233949+3.2157180459723566e-16j)
(507.80620958227615+2.7047954972480654e-17j)
(507.7865204639635+1.0847040553707549e-16j)
(507.7667664332069-9.610222990144446e-17j)
(507.7469491684224+1.62521139527897e-16j)
(507.7270704695994-2.696176034098146e-16j)
(507.7071322555201+2.6320240094559665e-16j)
(507.68713656083804+4.496153597560521e-16j)
(507.66708553302954+5.305052417204231e-16j)
(507.64698142921384+2.6781897413626566e-16j)
(507.6268266128551+5.799693911513455e-17j)
(507.6066235503317+4.67519628925352e-16j)
(507.5863748074017+1.2676002887659547e-16j)
(507.566083045548+3.0817924854491884e-16j)
(507.54575101821797+6.997494876624167e-17j)
(507.5253815669553+3.2369702910462695e-16j)
(507.50497761743696+9.778883855220665e-16j)
(507.4845421754105+9.067905973545068e-16j)
(507.4640783225423+5.237419498193355e-16j)
(507.44358921217827+2.836610586780089e-16j)
(507.42307806502527-3.782939976221763e-17j)
(507.4025481647526-7.725596183438148e-17j)
(507.3820028535244+5.630282533979925e-16j)
(507.3614455274623+1.1719201315594703e-16j)
(507.34087963205064+4.2984891630016497e-16j)
(507.32030865747896+7.488758378966749e-16j)
(507.2997361339386+6.284628706051187e-16j)
(507.2791656268686+5.136626893367743e-16j)
(507.2586007321627+4.343742861675082e-16j)
(507.2380450713401+2.909463801570914e-16j)
(507.21750228668446+2.7244167676181984e-17j)
(507.1969760363589+4.248203730388442e-16j)
(507.17646998950136+4.019826426340293e-17j)
(507.1559878213036+3.3277634751519516e-16j)
(507.1355332080846+8.673279566891533e-16j)
(507.1151098223562+8.232785614675084e-16j)
(507.0947213278936+4.23041197821186e-16j)
(507.07437137481105+2.9157678305053797e-16j)
(507.05406359465206+5.217443176967527e-16j)
(507.0338015954973+2.317020890666602e-16j)
(507.0135889570927+4.0081135300210553e-16j)
(506.9934292260112+2.2768008886599097e-16j)
(506.97332591084523+3.231754978392502e-16j)
(506.95328247744015+9.843541798404718e-16j)
(506.93330234416953+1.0070632382177763e-15j)
(506.91338887726545+5.115926286047146e-16j)
(506.8935453861972-5.12772026024394e-17j)
(506.873775119116+2.54516860129774e-18j)
(506.85408125836045+1.7226350465972734e-16j)
(506.8344669160324+8.339935525069709e-16j)
(506.8149351296525-3.3249902412871e-16j)
(506.7954888578873+4.1162595444640363e-16j)
(506.7761309763675+9.116348063067533e-16j)
(506.75686427359335+7.282810242490581e-16j)
(506.737691446931+8.100459731404088e-16j)
(506.7186150987098+4.350928755677567e-16j)
(506.69963773242125-1.161162139671506e-16j)
(506.6807617490236-1.420974848997153e-16j)
(506.66198944335986+2.2158522288925418e-16j)
(506.64332300068486-3.02762680023084e-16j)
(506.62476449331825+1.10219116448349e-16j)
(506.6063158774136+4.662817813352392e-16j)
(506.58797898985773+5.697861669550961e-16j)
(506.56975554529714+4.26510270146774e-16j)
(506.55164713329873+4.297091162030553e-16j)
(506.5336552156453+5.161279926118099e-17j)
(506.5157811237725+1.911599916166114e-16j)
(506.49802605634625+4.813601759902764e-16j)
(506.4803910769856+8.11802411851778e-17j)
(506.4628771121328+3.44602134306175e-16j)
(506.445484949077+5.326902842345238e-16j)
(506.4282152341237+6.945870178297175e-16j)
(506.4110684709275+3.96374284403258e-16j)
(506.39404501897366-3.712067121249015e-16j)
(506.37714509222417+1.661551985061004e-16j)
(506.36036875792274+9.324264940067576e-17j)
(506.3437159355591+6.355266309331206e-16j)
(506.3271863960014-2.150654527278113e-16j)
(506.31077976078876+3.387546793102246e-16j)
(506.29449550159205+7.626011450256013e-16j)
(506.27833293984156+5.887174735463733e-16j)
(506.2622912465191+1.5401137895085691e-16j)
(506.24636944212125+2.625536052611564e-16j)
(506.23056639678856+4.577788867411836e-16j)
(506.2148808306039+2.899029670026704e-16j)
(506.1993113140586+4.659985886141117e-16j)
(506.18385626868815+3.549605561382524e-16j)
(506.1685139678733+1.172987395064931e-16j)
(506.15328253781024+3.571430977670045e-16j)
(506.13815995864917+9.259833109961445e-16j)
(506.12314406579287+4.92304494573466e-16j)
(506.10823255136637+4.2239497532424987e-16j)
(506.0934229658477+4.469484992608433e-16j)
(506.07871271985783+4.633037035583834e-16j)
(506.0640990861186+4.481017828872605e-16j)
(506.0495792015605+3.8738269025768324e-16j)
(506.03515006959617+6.118473663929175e-16j)
(506.0208085625413+5.714635557877573e-16j)
(506.00655142419555+1.0673136016055813e-15j)
(505.9923752725676+4.1873263323330387e-16j)
(505.9782766027527+3.159944296448222e-16j)
(505.9642517899543+1.745786637782661e-16j)
(505.95029709264645+3.9810567020608016e-17j)
(505.93640865587827+3.4804930427447204e-16j)
(505.9225825147134+1.987226926522096e-17j)
(505.908814597804+3.9266266764236974e-16j)
(505.89510073109153+7.471320717867016e-16j)
(505.8814366416394+7.904343350220888e-16j)
(505.86781796158095+3.075187803956613e-16j)
(505.8542402321931+3.961385288316476e-16j)
(505.84069890808047+7.016924988658933e-16j)
(505.8271893614719+9.220450878404301e-17j)
(505.8137068866242+4.596516777235696e-16j)
(505.8002467043285+2.6975001542525686e-16j)
(505.7868039665116+3.335959330890178e-16j)
(505.7733737609361+1.1393062338027908e-15j)
(505.75995111598445+1.0137246101835186e-15j)
(505.74653100553206+5.035664240270372e-16j)
(505.7331083538951+3.603292707291221e-16j)
(505.71967804085665+1.0578076621959442e-16j)
(505.70623490676155-1.9539216483089887e-16j)
(505.69277375767615+6.285992194060688e-16j)
(505.6792893706061+2.1979408601334394e-16j)
(505.6657764987715+4.12359962503533e-16j)
(505.65222987692874+8.244233998229912e-16j)
(505.6386442267374+7.119988344097424e-16j)
(505.62501426216795+3.4011817506822683e-16j)
(505.61133469493655+4.410632018067509e-16j)
(505.5976002399759+3.463255828738076e-16j)
(505.5838056209231-2.971304192875519e-17j)
(505.5699455756248+4.772356467967228e-16j)
(505.556014861657+2.1565325091505572e-16j)
(505.54200826184655+2.329213567683719e-16j)
(505.5279205897975+8.571949004763664e-16j)
(505.51374669540843+7.653029100363153e-16j)
(505.49948147038214+2.5633416788621422e-16j)
(505.4851198537167+4.0101699573659883e-16j)
(505.4706568371771+6.433836091951472e-16j)
(505.45608747073754+1.758904370160269e-16j)
(505.44140686799227+4.862946458309737e-16j)
(505.42661021152827+2.471575182674588e-16j)
(505.41169275825484+2.38000199837144e-16j)
(505.39664984468055+9.503919666351563e-16j)
(505.3814768921413+9.077595860396606e-16j)
(505.36616941196496+2.9037745746328135e-16j)
(505.3507230105717+9.367141111452371e-17j)
(505.33513339450514+2.1453108508742917e-16j)
(505.3193963753865+8.079929919162834e-17j)
(505.30350787479136+9.832561143116757e-16j)
(505.2874639290359-1.582163581555833e-16j)
(505.27126069388004+3.4789059021837904e-16j)
(505.25489444912785+9.933487455024544e-16j)
(505.23836160313493+7.465934488740467e-16j)
(505.22165869720476+6.686726441530101e-16j)
(505.2047824098822+5.758806313349234e-16j)
(505.1877295611277-2.2931057792487318e-17j)
(505.17049711637964-2.124296093002262e-16j)
(505.15308219048853+3.508444593625004e-16j)
(505.1354820515294-2.773468428686039e-16j)
(505.1176941244804+1.4030649376712146e-16j)
(505.09971599477274+3.9470391387369173e-16j)
(505.0815454116953+4.417418718826319e-16j)
(505.06318029166385+2.274538403004835e-16j)
(505.04461872134203+3.6113074232754246e-16j)
(505.025858960616+6.596783849295369e-18j)
(505.0068994454161+1.0534114438442322e-16j)
(504.9877387903842+4.989362842754516e-16j)
(504.96837579138304+1.7188784639105638e-16j)
(504.9488094278478+3.1147848975112026e-16j)
(504.92903886497277+4.683618402935181e-16j)
(504.9090634557294+5.835613935564261e-16j)
(504.8888827427262+1.4268244050510477e-16j)
(504.8684964598871-4.803495572862784e-16j)
(504.84790453396784+6.615214911174462e-17j)
(504.82710708589315-1.754695860885727e-17j)
(504.80610443192063+6.336432136378313e-16j)
(504.784897084629-2.61226673061535e-16j)
(504.76348575372566+1.294550924115858e-16j)
(504.74187134667824+6.730728500199095e-16j)
(504.720054969165+3.1146475340088593e-16j)
(504.69803792534316-3.9844847478873855e-17j)
(504.6758217179376+5.639702172870182e-19j)
(504.65340804814787+3.375413363612631e-16j)
(504.63079881537124+8.42957105184141e-18j)
(504.6079961167466+4.241831041866971e-16j)
(504.5850022465138+2.0864100494592195e-16j)
(504.56181969519207-1.0693692197588433e-16j)
(504.5384511485767+1.8692782000645257e-16j)
(504.5148994865597+6.990275612235131e-16j)
(504.49116778176045+2.351883752708029e-16j)
(504.46725929798924+3.562376534530471e-16j)
(504.443177488525+3.313808916148699e-16j)
(504.4189259942208+2.2846202503170984e-16j)
(504.3945086414332+3.887218806620064e-16j)
(504.369929439777+3.0200050867941616e-16j)
(504.3451925797125+4.762105259103027e-16j)
(504.32030242995967+3.756493912547942e-16j)
(504.2952635347475+7.50601815186376e-16j)
(504.27008061089737+3.5630315450046607e-16j)
(504.2447585447461+3.0534526761538707e-16j)
(504.21930238890576-1.9355697527163226e-17j)
(504.1937173588709-3.7177144148235194e-17j)
(504.1680088294702+3.139352347869632e-16j)
(504.14218233116475-7.63300923654199e-17j)
(504.1162435462043+2.7268368036418144e-16j)
(504.0901983046356+6.119980537975111e-16j)
(504.06405258017037+5.760550883757405e-16j)
(504.03781248591895+1.4724576982514854e-16j)
(504.0114842699879+4.206199685439861e-16j)
(503.9850743109526+6.808797928331996e-16j)
(503.9585891131998-3.669981212832319e-17j)
(503.9320353021528+4.585094303164914e-16j)
(503.9054196193811+2.550170662449285e-16j)
(503.8787489175949+2.388820114233245e-16j)
(503.8520301555348+9.799257920206517e-16j)
(503.825270392757+8.377308297317084e-16j)
(503.79847678432066+4.912983379017627e-16j)
(503.7716565753852+1.0112207488396577e-16j)
(503.74481709571285+3.365755904196129e-17j)
(503.7179657540956-3.170292777408179e-16j)
(503.69111003269705+3.5458543584233985e-16j)
(503.6642574813269-6.490395253729476e-17j)
(503.6374157116445+1.0017903885173888e-16j)
(503.61059239130003+6.242530782761439e-16j)
(503.58379523802006+4.2897617897016913e-16j)
(503.55703201364264+9.877888345057076e-17j)
(503.5303105181019+2.3228289562244635e-17j)
(503.5036385833769+7.528428467730213e-17j)
(503.4770240674023-3.55605439679689e-16j)
(503.45047484795145+3.055801025195631e-16j)
(503.423998816495+7.95337028225219e-17j)
(503.3976038720415-2.1358666050544535e-17j)
(503.37129791496653+5.060362708157558e-16j)
(503.345088840832+3.9901280579781496e-16j)
(503.31898453421024-5.140574679617007e-17j)
(503.2929928625058+2.6701584581984633e-16j)
(503.26712166979354+5.191440990750518e-16j)
(503.24137877067005+2.198706063986695e-17j)
(503.2157719441254+3.967545996140269e-16j)
(503.1903089274469+1.439887408204539e-16j)
(503.1649974101511+9.388774980193247e-17j)
(503.13984502795614+8.337199881934454e-16j)
(503.114859356801+6.404080619490615e-16j)
(503.09004790690886+9.572865909221862e-17j)
(503.06541811691005-1.404429725661232e-16j)
(503.0409773480264+1.733421625176025e-16j)
(503.01673287831454-8.992547183466801e-17j)
(502.99269189699083+9.260685904118358e-16j)
(502.9688614988219-2.7544388387970026e-16j)
(502.94524867860565+2.7723942051065964e-16j)
(502.9218603257339+8.33761610327275e-16j)
(502.898703218848+4.903567387289695e-16j)
(502.87578402059125+4.232226199251673e-16j)
(502.85310927246235+3.341925999743669e-16j)
(502.83068538977443-6.914219754050322e-17j)
(502.80851865672554-3.0316461992497843e-16j)
(502.78661522158524+3.7475921066372335e-16j)
(502.7649810919964-2.9323769703892054e-16j)
(502.7436221304064+2.8138903014813945e-16j)
(502.72254404962354+1.898237217459551e-16j)
(502.7017524085031+2.500663735683603e-16j)
(502.6812526077747+1.4001351515500364e-16j)
(502.6610498860036+6.321422998732718e-17j)
(502.64114931570003-1.2550424941841448e-16j)
(502.62155579957107-1.3774747069376252e-16j)
(502.6022740669255+3.992321613188032e-16j)
(502.58330867023193+5.163890896305e-17j)
(502.5646639818296+2.1482390259023718e-16j)
(502.5463441908047+3.2847030677960585e-16j)
(502.5283533000214+2.861799084421937e-16j)
(502.5106951233243-1.0604649137675459e-16j)
(502.4933732829026-8.059469442823083e-16j)
(502.4763912068265-1.8272023437359935e-16j)
(502.45975212675336-2.4287115717270124e-16j)
(502.443459075809+4.565291542612088e-16j)
(502.42751488664237-4.917106101762353e-16j)
(502.41192218965705-2.1453325637904982e-16j)
(502.39668341142226+5.060023714576906e-16j)
(502.38180077326155+1.4685404358668576e-17j)
(502.36727629002314-2.969628378344893e-16j)
(502.35311176903156-2.93642016952558e-16j)
(502.339308809219+6.907258293739856e-17j)
(502.3258688004454-2.6905515847795403e-16j)
(502.31279292299365+2.9518975057229213e-16j)
(502.300082147254-4.3207124506308675e-17j)
(502.28773723358904-2.184618235053268e-16j)
(502.27575873238413-1.42871902652696e-16j)
(502.2641469842769+3.5810126023011986e-16j)
(502.2529021205729-4.867190756192157e-17j)
(502.2420240638416+1.0929068666899863e-16j)
(502.2315125286908+9.624059532878538e-17j)
(502.2213670227264-1.0748465562880439e-16j)
(502.211586847685+2.5530509194315225e-16j)
(502.20217110074617+2.022853452822041e-16j)
(502.1931186760238+3.051417685484279e-16j)
(502.1844282662224+2.0257467436834283e-16j)
(502.1760983644768+2.577881328055711e-16j)
(502.1681272663542+8.600801545197745e-17j)
(502.1605130720255+2.020005314642344e-16j)
(502.15325368860556-2.0447287790904252e-16j)
(502.1463468326524-2.5863411898914533e-16j)
(502.13979003282896+3.0319921972014856e-16j)
(502.13358063272216-1.6855134345248008e-16j)
(502.1277157938166+1.9038056016865486e-16j)
(502.1221924986201+4.529667759598138e-16j)
(502.1170075539351+2.810347808035258e-16j)
(502.1121575942789-1.1587398227258377e-16j)
(502.1076390854419+2.442212878713667e-16j)
(502.1034483281858+4.0279626400874154e-16j)
(502.09958146207174-2.3931364875176337e-16j)
(502.09603446942543+3.5656577891708904e-16j)
(502.09280317941983-3.892677211547987e-18j)
(502.0898832722856+7.745428031666652e-17j)
(502.08727028363654+6.480452884255835e-16j)
(502.08495960890815+4.2220102083610796e-16j)
(502.0829465079047+2.810456502162148e-16j)
(502.081226109452-1.8345077874100017e-16j)
(502.0797934161461-1.7993855919305632e-16j)
(502.07864330919904-4.679188590764417e-16j)
(502.07777055337465+1.9559513863547205e-17j)
(502.077169802007-2.903156518460097e-16j)
(502.07683560209915-1.5040788789110797e-16j)
(502.0767623994965+3.74843526219927e-16j)
(502.07694454413235+6.182764527250929e-17j)
(502.0773762953323-1.0874135385365839e-16j)
(502.0780518271806-3.1915443947787595e-16j)
(502.0789652339428-1.8856379894734803e-16j)
(502.08011053553065-6.432390940076464e-16j)
(502.0814816830136+1.1683176302084048e-16j)
(502.08307256416805-1.0334921478219141e-16j)
(502.0848770090578-2.3445936156959677e-16j)
(502.0868887956377+1.9915178940773757e-16j)
(502.0891016553845+2.139390332197566e-17j)
(502.09150927893774-3.0763512700439503e-16j)
(502.0941053217519-1.2093542280571477e-16j)
(502.09688340975515+1.5932303233506145e-16j)
(502.0998371450035-2.799470681358291e-16j)
(502.1029601113299+8.941968699709706e-17j)
(502.10624587998177-9.142881371656193e-17j)
(502.1096880152378-2.2481555047070796e-16j)
(502.1132800800072+4.887091227574416e-16j)
(502.1170156413918+1.7792830800437303e-16j)
(502.1208882762236-3.053686751004123e-16j)
(502.1248915765557-3.7291515332776973e-16j)
(502.12901915511213+7.592311145243364e-17j)
(502.1332646506862-2.8930360701738597e-16j)
(502.13762173348437+7.64929341336406e-16j)
(502.14208411041125-4.893382342567669e-16j)
(502.14664553028496+8.317138480525252e-17j)
(502.1512997889872+5.375093684109432e-16j)
(502.15604073453517+7.99780981718134e-17j)
(502.1608622720743-1.4529164313836617e-18j)
(502.16575836878593+1.4018416280892215e-16j)
(502.17072305870425-1.6378952977884076e-16j)
(502.1757504474437-3.077759592453157e-16j)
(502.18083471682013+3.563980066128132e-16j)
(502.1859701293792-2.5549295039489647e-16j)
(502.19115103280774+3.064146359307467e-16j)
(502.19637186424154-1.2692520893249663e-16j)
(502.20162715445235+2.799184215135228e-17j)
(502.20691153192024-3.9304485759764515e-18j)
(502.21221972678154-1.4933520102847245e-16j)
(502.21754657464754-2.8779346289618765e-16j)
(502.22288702029874-3.185238390629425e-16j)
(502.2282361212413+2.749128531560785e-16j)
(502.23358905112923-1.3543196360183898e-16j)
(502.2389411030449+1.9986176139140595e-17j)
(502.2442876926398+9.973646978881054e-17j)
(502.24962436112787-8.377006956802596e-17j)
(502.2549467781319-3.658408472081615e-16j)
(502.2602507443782-8.917292153264542e-16j)
(502.2655321942414-4.009887297065702e-16j)
(502.2707871981308-4.3462444396345066e-16j)
(502.27601196472136+3.1790873176790997e-16j)
(502.28120284302753-6.537774805267952e-16j)
(502.2863563243129-4.234868349431387e-16j)
(502.2914690438427+2.574389410336601e-16j)
(502.2965377824688-2.8404898757769746e-16j)
(502.3015594680514-4.0571043711850145e-16j)
(502.3065311767168-4.143190505348494e-16j)
(502.3114501339489-2.1391066934300537e-16j)
(502.31631371550884-3.89346333634825e-16j)
(502.3211194481954+2.1636835099931295e-16j)
(502.3258650104303-3.534471131280503e-16j)
(502.33054823267867-3.5266228420132175e-16j)
(502.33516709770197-4.381190661161596e-16j)
(502.339719740643-3.00797356786901e-17j)
(502.34420444894147-3.1106889283840663e-16j)
(502.34861966208564-6.082493681810568e-17j)
(502.3529639711959-2.3221502140115385e-16j)
(502.3572361184444-3.809858986335091e-16j)
(502.36143499630776+8.905984088773795e-17j)
(502.3655596466621+3.314675378241202e-18j)
(502.36960925970925+5.773657900768271e-17j)
(502.3735831727502-1.325735579194123e-17j)
(502.3774808687952-2.0011795284911146e-16j)
(502.38130197501727-8.431838185636176e-17j)
(502.38504626105566+1.0686308465922036e-16j)
(502.3887136371634-3.6563005806852907e-16j)
(502.39230415220413-3.594232717467342e-16j)
(502.39581799150363+2.1875789175582408e-16j)
(502.3992554745569-3.822444429349382e-16j)
(502.40261705259127+3.703102382500838e-17j)
(502.4059033059912+2.4830185919188213e-16j)
(502.40911494158655-9.965158437445179e-17j)
(502.41225278980943-2.8536261277020916e-16j)
(502.41531780172096+1.4026861638753574e-16j)
(502.4183110459097+8.093992837950343e-17j)
(502.42123370527116-3.3431826376519503e-16j)
(502.4240870736667+1.810485281770868e-16j)
(502.4268725524686-2.728886444576676e-16j)
(502.42959164699135-9.114543595212257e-17j)
(502.43224596282084+5.36735279116994e-16j)
(502.43483720203716-2.4922610065407843e-17j)
(502.43736715933983+2.0111411838172362e-16j)
(502.4398377180805-2.7544318536817427e-16j)
(502.44225084620393-2.9122229139508543e-16j)
(502.44460859210693-3.9651544685686415e-16j)
(502.4469130804129-2.36769737309542e-16j)
(502.4491665076756-3.9624660633921583e-16j)
(502.45137113800826-1.9711286737157974e-16j)
(502.45352929864913+3.447191054096404e-16j)
(502.4556433754642-1.6302048226395373e-16j)
(502.45771580839767-6.972153146076694e-17j)
(502.4597490868661-2.8779578338136725e-16j)
(502.4617457451109-2.556525108333037e-16j)
(502.46370835751117-5.276080203274802e-16j)
(502.4656395338554+1.589288483513522e-16j)
(502.46754191459013-1.6279980475745462e-16j)
(502.46941816603794-1.8381791099654378e-16j)
(502.4712709756002+2.34157752152337e-16j)
(502.4731030469423-5.967656640682953e-17j)
(502.4749170951707-2.1892042488852122e-16j)
(502.47671584200896-2.760823084048445e-16j)
(502.4785020109717-1.3965695705394658e-16j)
(502.48027832254763-3.118692472332599e-16j)
(502.48204748939395-1.4214729504537718e-17j)
(502.48381221155-2.22910567892302e-16j)
(502.4855751716714-3.4859702130812527e-16j)
(502.4873390302946+3.9183827137190227e-16j)
(502.4891064211345+1.3886996788720062e-16j)
(502.49087994641786-2.914973414381043e-16j)
(502.49266217226494-3.5283871652978792e-16j)
(502.4944556241171+1.532446368311611e-17j)
(502.49626278221746-2.0677532098949768e-16j)
(502.49808607715494+6.833243111642946e-16j)
(502.4999278854663-5.981955547348303e-16j)
(502.50179052531126+3.064772078748518e-17j)
(502.5036762522198+5.635756665116275e-16j)
(502.50558725491703+1.4282784085117117e-16j)
(502.507525651231+5.0738804100959246e-18j)
(502.5094934840915+1.826467525385509e-16j)
(502.5114927176127-9.907913839860145e-17j)
(502.5135252332827-1.6556483190946172e-16j)
(502.51559282624424+5.015081415728546e-16j)
(502.51769720168636-1.8305491997964437e-16j)
(502.51983997134096+3.8154398931962197e-16j)
(502.5220226500957+1.0282657555227043e-16j)
(502.52424665271985+1.310332283040325e-16j)
(502.5265132907134+1.4484586702216292e-16j)
(502.5288237692782-7.644779494152505e-17j)
(502.5311791844174-2.9603017239168237e-16j)
(502.53358052016705-2.682033901400719e-16j)
(502.536028645956+3.074247234393604e-16j)
(502.5385243141106-1.29287010484842e-16j)
(502.54106815749424-8.333561400318272e-18j)
(502.5436606872898+2.1892098176042166e-16j)
(502.5463022909288-7.105137080882306e-17j)
(502.5489932301681-3.025272432624011e-16j)
(502.5517336393167-7.00307198970265e-16j)
(502.5545235236145-4.041992154016929e-16j)
(502.5573627577626-4.170923537243049e-16j)
(502.5602510846178+3.397023365437787e-16j)
(502.5631881140344-5.199957504552473e-16j)
(502.56617332187386-3.1847578920404075e-16j)
(502.56920604916996+3.5281961992571465e-16j)
(502.572285501459-9.724321939661999e-17j)
(502.5754107482709-2.3195898685386135e-16j)
(502.57858072278515-2.1636598131055137e-16j)
(502.5817942216518-3.08732519798235e-16j)
(502.5850499049743-3.039212819875866e-16j)
(502.5883462964633+2.22688442114769e-16j)
(502.591681783751-2.552863274047219e-16j)
(502.59505461887215-3.55506930829345e-16j)
(502.5984629189129-3.2177670662011187e-16j)
(502.60190466682195+2.6045331409287246e-18j)
(502.6053777123882-4.0690003280536427e-16j)
(502.608879773379+5.230676259012623e-17j)
(502.6124084368473-2.976211304365655e-16j)
(502.6159611605939-3.426949379083793e-16j)
(502.619535274796+1.2051225552264983e-16j)
(502.6231279837928+7.886361641539952e-17j)
(502.62673636802845-1.713412210122087e-16j)
(502.63035738615326+9.852492140879076e-17j)
(502.63398787727664-2.437877851433258e-16j)
(502.6376245633755-6.325361883081867e-17j)
(502.6412640518504+1.7409197642719214e-16j)
(502.6449028382308-2.458911864996569e-16j)
(502.64853730902536-3.0664425381862756e-16j)
(502.6521637447142+2.420676838973761e-16j)
(502.65577832288244-3.073794215824478e-16j)
(502.6593771214897-4.487086184019343e-17j)
(502.6629561222749+3.545874158488533e-16j)
(502.6665112142888-4.206204088462465e-17j)
(502.6700381975573-2.2449240829980693e-16j)
(502.6735327868669+2.997988582121576e-16j)
(502.67699061566884+6.299090490199787e-17j)
(502.6804072401017-2.2763640689596304e-16j)
(502.6837781431273+1.291915519448556e-16j)
(502.6870987387712-2.6462559233001416e-16j)
(502.6903643764714-9.537927114604894e-17j)
(502.6935703455249+5.64424893451158e-16j)
(502.6967118796301-5.742357154148137e-17j)
(502.69978416152236+9.914085878277973e-17j)
(502.70278232769283-2.0016517013589225e-16j)
(502.7057014731925-1.9356873569200665e-16j)
(502.70853665651066-3.408041486516288e-16j)
(502.7112829045287-2.1655003091152417e-16j)
(502.71393521753845-3.2905661417069975e-16j)
(502.7164885743248-2.0152018819419526e-16j)
(502.71893793730476+3.2877302793281486e-16j)
(502.7212782577186-8.958962668842898e-17j)
(502.72350448086996-4.2828674850939526e-17j)
(502.72561155140295-1.9429085860329067e-16j)
(502.7275944186223-1.2558909745522413e-16j)
(502.7294480418379-4.687718178815329e-16j)
(502.7311673957395+9.72591937068249e-17j)
(502.73274747578824-3.8251598497620964e-17j)
(502.73418330362733-2.19508218691883e-16j)
(502.7354699324943+3.280650300155619e-16j)
(502.7366024526463-5.719806134677556e-17j)
(502.73757599677566-2.899776687519855e-16j)
(502.7383857454209-2.579892115840858e-16j)
(502.7390269323652-3.4308347549863884e-16j)
(502.73949485001657-3.3336949508663648e-16j)
(502.73978485475953-7.816764241577981e-17j)
(502.73989237228375-2.5032055320310427e-16j)
(502.73981290287253-4.596153552654608e-16j)
(502.7395420266508+2.0798992029409791e-16j)
(502.73907540878895+1.0126082497015397e-16j)
(502.73840880465394-4.3915438248945963e-16j)
(502.7375380649036-1.9932634472329732e-16j)
(502.7364591405172+1.180844477426147e-16j)
(502.73516808775895-2.3950100740257106e-16j)
(502.7336610730701+4.55474031728666e-16j)
(502.73193437787995-4.687651141780239e-16j)
(502.72998440333566-6.406020969899906e-17j)
(502.7278076749432+6.232093797589718e-16j)
(502.7254008471147+2.860267603064901e-16j)
(502.7227607076166-6.781225561641035e-17j)
(502.7198841819165+1.6701884178074612e-16j)
(502.7167683374218-3.4487943703026946e-17j)
(502.7134103876052-1.7886051511170807e-16j)
(502.7098076960127+4.70341930006044e-16j)
(502.7059577801538-1.323681304610933e-16j)
(502.70185831525976+2.0574313756650215e-16j)
(502.69750713791984+1.8761405601163132e-16j)
(502.69290224957604+1.750064054207719e-16j)
(502.68804181988554+6.676595397491912e-17j)
(502.68292418993923-1.1455101000424052e-16j)
(502.6775478753348-3.298925549669685e-16j)
(502.671911569101-2.706862052700849e-16j)
(502.66601414446956+1.6548795719549676e-16j)
(502.65985465749316-9.704838499270849e-17j)
(502.65343234950143-1.5532133719730124e-16j)
(502.64674664939866+1.2819324129369306e-16j)
(502.6397971757937-7.84174768873832e-17j)
(502.63258373896514-3.6805439022877734e-16j)
(502.62510634265567-5.982482581624012e-16j)
(502.61736518569484-3.3948710117639785e-16j)
(502.60936066344624-5.606147444715111e-16j)
(502.6010933690803+1.9899145187906354e-16j)
(502.5925640946677-3.669119720081621e-16j)
(502.58377383209194-3.091917340667433e-16j)
(502.57472377378264+1.96356881917378e-16j)
(502.565415313265+2.2517836405981906e-17j)
(502.5558500455253-1.930993163302077e-16j)
(502.5460297671906-1.8154068115876016e-16j)
(502.53595647652486-3.3803368056397024e-16j)
(502.52563237323625-2.830212578070383e-16j)
(502.51505985810036+5.5011503536602816e-18j)
(502.504241532392-2.465281250477913e-16j)
(502.4931801971353-5.179154213820136e-16j)
(502.48187885216146-2.8114457222752753e-16j)
(502.47034069498255-1.8696565451143937e-17j)
(502.45856911947914-5.315054214341925e-16j)
(502.4465677143985+1.0992552233183005e-16j)
(502.4343402616738-3.108083973149745e-16j)
(502.4218907345524-3.368085617944163e-16j)
(502.40922329554644+9.868417118603002e-17j)
(502.39634229419977+1.3523721748842678e-16j)
(502.38325226467344-3.919892654085247e-16j)
(502.3699579231584-1.8403033882509222e-17j)
(502.3564641651027-2.377776882231434e-16j)
(502.3427760622729+6.460178113051135e-17j)
(502.32889885963783+2.6244303647944057e-16j)
(502.31483797208665-1.17881809550971e-16j)
(502.3005989809738-8.284719605705725e-17j)
(502.2861876305051+1.491463969494426e-16j)
(502.2716098239609-1.1279468658866587e-16j)
(502.25687161975725-6.779827965665304e-17j)
(502.2419792273549+3.313895584202378e-16j)
(502.2269390030168+5.430217382783279e-17j)
(502.21175744541335-9.80715651149365e-17j)
(502.1964411910858+3.320026147929038e-16j)
(502.180997009768+1.475373633152683e-16j)
(502.1654317995701-8.785705557473596e-17j)
(502.14975258202986+1.1235052070164466e-16j)
(502.13396649703526-1.356845167898045e-16j)
(502.1180807976202-3.238322424553847e-17j)
(502.10210284464563+5.520372121248596e-16j)
(502.08604010135844+4.825623795467226e-17j)
(502.0699001278439+1.3333836013799535e-16j)
(502.0536905753724-6.668733088119088e-17j)
(502.0374191806424+3.9632874993056067e-17j)
(502.02109375992944-1.2224314329644934e-16j)
(502.0047222031442-8.761492307595772e-17j)
(501.98831246780406-8.846292933710436e-17j)
(501.9718725729274-1.1579740387863583e-16j)
(501.95541059284665+3.795257890505009e-16j)
(501.9389346509607+1.07912401551319e-16j)
(501.9224529134159+1.8556849484167702e-16j)
(501.905973582734-6.372012495417744e-17j)
(501.8895048913864+7.65185138956287e-17j)
(501.87305509531814-3.2425042753151733e-16j)
(501.8566324674384+8.438136420824887e-17j)
(501.84024529106875+1.8070713158220013e-16j)
(501.82390185336834-1.3710454814413014e-16j)
(501.8076104387307+4.857597916866193e-16j)
(501.7913793221679+3.1659218393493016e-18j)
(501.77521676268225-2.3080584702695345e-16j)
(501.75913099663046+3.3481680219221774e-17j)
(501.7431302310934-1.6671232075987873e-16j)
(501.7272226372487-1.6106425599543265e-17j)
(501.71141634375925+1.5370617089431917e-16j)
(501.69571943018076+1.0184967028847229e-16j)
(501.68013992039096-2.1573758220460364e-16j)
(501.66468577605616+3.571965714775932e-16j)
(501.64936489012916+3.5008258589858967e-16j)
(501.6341850803946-2.0660771779009007e-16j)
(501.6191540830603+9.182910019080331e-17j)
(501.6042795464085+4.829575843680214e-16j)
(501.58956902450063+7.264273618205882e-17j)
(501.57502997095634+5.605819977023281e-16j)
(501.56066973280133-8.00405660477267e-17j)
(501.54649554439317+3.6771859313765106e-17j)
(501.53251452143365+8.784128820822863e-16j)
(501.51873365506765+6.722980814955919e-16j)
(501.50515980607895+2.0361506896931038e-16j)
(501.49179969918606+4.89438805694192e-16j)
(501.47865991744436+4.484823957284605e-16j)
(501.46574689675685+2.036307972502078e-16j)
(501.45306692050497+7.579585218838335e-16j)
(501.44062611429706+3.7189060342843663e-16j)
(501.42843044084515+4.8539454951051975e-16j)
(501.41648569497113+6.370025545179454e-16j)
(501.40479749875055+5.653136251334033e-16j)
(501.39337129679404+4.546378007519983e-16j)
(501.3822123516771+1.6288486238715742e-16j)
(501.3713257395142+2.0828741208697997e-17j)
(501.36071634569066+6.9316557467496915e-18j)
(501.35038886074847+4.3118803166040466e-16j)
(501.34034777643694+2.5828148168233153e-16j)
(501.33059738192253+8.460456344104517e-17j)
(501.32114176017444+3.8908237513340256e-16j)
(501.3119847845165+2.56419265764885e-16j)
(501.303130115358+1.4916983134431388e-17j)
(501.29458119710193-2.1800667416220728e-16j)
(501.28634125523223+8.853030808250904e-17j)
(501.27841329359086-3.298904709920456e-16j)
(501.27080009183845+3.4186085322716556e-16j)
(501.26350420310246+5.778233021273005e-17j)
(501.2565279518227+6.05749825477207e-17j)
(501.2498734317862+4.182018026690743e-16j)
(501.2435425043596+4.505216460832367e-16j)
(501.2375367969191+4.179014266027935e-17j)
(501.231857701482+1.7444004906340953e-16j)
(501.2265063735334+1.0748872650689652e-16j)
(501.22148373106137+7.441829547541375e-17j)
(501.21679045378977+2.238147114854208e-16j)
(501.2124269826203+1.2472388367589946e-16j)
(501.2083935192721-2.547989963693806e-16j)
(501.204690026134+1.0376690633290309e-16j)
(501.20131622631646+3.5683099590127915e-16j)
(501.198271603911-2.313336215347568e-16j)
(501.1955554044549+4.1091190444964563e-16j)
(501.19316663560204+6.328852387367072e-17j)
(501.19110406799575+2.1164869536987545e-17j)
(501.189366236347+4.612080395993852e-16j)
(501.18795144071606+5.255686737151558e-16j)
(501.18685774799616-1.092548817366502e-16j)
(501.18608299359727+2.8617532713525616e-16j)
(501.1856247833289+5.614905656188884e-17j)
(501.1854804954816+3.416307695268603e-16j)
(501.18564728310525+5.863373742324467e-16j)
(501.1861220764788+2.8865358569850316e-16j)
(501.18690158577476+3.667652940377638e-16j)
(501.1879823039107+4.3403587481997075e-16j)
(501.18936050959167+4.2200003597576453e-16j)
(501.1910322705316+1.925308598312141e-16j)
(501.1929934468609+7.25225862436875e-16j)
(501.19523969471095+4.567182993874053e-16j)
(501.1977664699737+2.7819132820672757e-16j)
(501.2005690322341+5.506565801135405e-16j)
(501.20364244886866+4.705271151749395e-16j)
(501.20698159931544+1.9311315395102475e-16j)
(501.2105811794959+4.210239240589061e-16j)
(501.21443570640037+1.3002450471259625e-16j)
(501.21853952282595+1.1555727967328302e-16j)
(501.2228868022602+7.069587112828667e-16j)
(501.2274715539123+2.7086475793317887e-16j)
(501.23228762788216+2.277892137359362e-16j)
(501.2373287204657+1.4856504616497662e-16j)
(501.24258837959025+3.282505043262482e-16j)
(501.24806001037587+8.115319786320116e-17j)
(501.25373688081635+2.0341721155619004e-16j)
(501.2596121275767+2.54235724118185e-16j)
(501.2656787619-4.171883440193149e-17j)
(501.27192967561905+5.481468848822941e-16j)
(501.2783576472689+2.9567522441527537e-16j)
(501.2849553482909+4.104591222512493e-16j)
(501.2917153493268+1.2831686476081558e-16j)
(501.2986301265953+3.6001801942724344e-16j)
(501.3056920683436-1.7501255955358577e-16j)
(501.3128934813736+1.3099150594634304e-16j)
(501.3202265976287+4.1913141206090144e-16j)
(501.32768358084337-7.656422403429572e-17j)
(501.3352565332436+6.177114754378494e-16j)
(501.3429375022953+9.197710903530765e-17j)
(501.3507184874937-1.9143042923936193e-16j)
(501.35859144718745+2.1870964291351756e-16j)
(501.36654830543074+8.107855672682192e-17j)
(501.37458095885796+1.025637578939368e-16j)
(501.3826812835757+1.766973170785727e-16j)
(501.3908411420632+3.0232080346502257e-16j)
(501.39905239007624-1.4899267078909379e-16j)
(501.40730688355137+3.8262862650085823e-16j)
(501.4155964854983+4.1035352141562895e-16j)
(501.4239130728773-2.5986366613951153e-16j)
(501.432248543458+1.8772932608769314e-16j)
(501.44059482264765+6.829471557182169e-16j)
(501.44894387028955+1.4392104321676453e-16j)
(501.45728768741617+6.050976701874791e-16j)
(501.4656183229616+2.6552294619685433e-16j)
(501.47392788042185-3.653847066153158e-17j)
(501.48220852445314+8.475304688694218e-16j)
(501.4904524874099+6.331166492779256e-16j)
(501.4986520758133+1.3893775504716358e-16j)
(501.5067996767416+5.783210609567872e-16j)
(501.51488776414163+6.20334390625921e-16j)
(501.52290890505304+3.2576681831656215e-16j)
(501.5308557657389+7.084237026096511e-16j)
(501.5387211177211+6.582803949043551e-16j)
(501.54649784370685+4.547060284971268e-16j)
(501.5541789434132+5.256716358412092e-16j)
(501.5617575392755+5.696016007662554e-16j)
(501.569226882031+3.7989756759151493e-16j)
(501.5765803561905+2.1542460245378665e-16j)
(501.58381148537035+1.37734487114016e-16j)
(501.5909139374949+2.9442642780576706e-17j)
(501.59788152986323+4.1388545846415855e-16j)
(501.6047082340708+3.329902045118269e-16j)
(501.6113881807825+3.930473085363766e-17j)
(501.61791566436034+2.6276790391424726e-16j)
(501.6242851473293+2.12547419950005e-16j)
(501.63049126468906+1.8538696524394905e-17j)
(501.6365288280608-6.945736570562023e-17j)
(501.6423928296692+1.1640017359601745e-16j)
(501.64807844615075-2.792910137348031e-16j)
(501.6535810421947+1.9204370005677181e-16j)
(501.65889617400336+8.646155332359546e-17j)
(501.66401959257394+3.218630876604121e-17j)
(501.6689472468015+2.145398472193872e-16j)
(501.6736752863923+2.9455343675670735e-16j)
(501.678200064595-8.556314003253375e-17j)
(501.68251814073943+7.083979097235638e-17j)
(501.6866262825842+1.2384056641673172e-16j)
(501.6905214684736-3.0375298304566457e-17j)
(501.6942008892975+9.163590643702476e-17j)
(501.6976619502538-3.6156707601149015e-17j)
(501.7009022724154-3.176211515564569e-16j)
(501.70391969409627+2.6450545646338805e-17j)
(501.70671227201944+1.913326552243876e-16j)
(501.70927828228133-3.3804423555163036e-16j)
(501.71161622111794+2.01302804029789e-16j)
(501.7137248054663-4.6732188692697474e-17j)
(501.71560297332684-4.9471178561668947e-17j)
(501.7172498839202+2.397078394162662e-16j)
(501.71866491764473+2.6483119630928855e-16j)
(501.71984767583206-1.3004116676816565e-16j)
(501.7207979803006+9.311246294810539e-17j)
(501.7215158727093-1.7172147683224814e-16j)
(501.7220016137124+2.543283885930761e-16j)
(501.72225568191374+3.45198683080222e-16j)
(501.72227877262804+1.0214804235862639e-16j)
(501.722071796442+2.7451679961915596e-16j)
(501.72163587758405+1.5622934843947304e-16j)
(501.7209723521012+2.6944241362215706e-16j)
(501.72008276584677-2.5824261653647885e-17j)
(501.7189688722784+4.355619444729069e-16j)
(501.71763263006994+2.2075043532012526e-16j)
(501.7160762005442+2.0704204122486224e-16j)
(501.7143019449199+3.624653408686375e-16j)
(501.7123124213837+3.399745790194392e-16j)
(501.7101103819902+9.990028215801797e-17j)
(501.7076987693831+1.912058343529545e-16j)
(501.7050807133581-1.0299485613449372e-16j)
(501.70225952725053-7.237917457601734e-17j)
(501.6992387041735+4.2611349251514987e-16j)
(501.6960219130864-1.401121306489601e-18j)
(501.6926129947225+1.003246063218615e-16j)
(501.68901595735645-8.277669535273432e-17j)
(501.6852349724353+1.089575223841518e-16j)
(501.6812743700638-1.0163493645706975e-17j)
(501.6771386343541-3.014999945428332e-17j)
(501.672832398647+6.284858150248583e-17j)
(501.6683604406029-3.1983855287464814e-16j)
(501.66372767717+2.7985461775962074e-16j)
(501.65893915944065-2.2003439637445293e-17j)
(501.6540000673878+2.555285657540151e-16j)
(501.64891570450305-1.570178043716166e-16j)
(501.64369149232454+1.8525962235482777e-16j)
(501.6383329648751-2.384238332972302e-16j)
(501.63284576300384-2.224252950169765e-16j)
(501.62723562864824+1.7667062158881357e-16j)
(501.6215083990087-2.4704519821199156e-16j)
(501.6156700006551+2.8779962344911354e-16j)
(501.6097264435619-1.1553128698735353e-16j)
(501.6036838150805-2.2107631682095197e-16j)
(501.5975482738522+8.228776983853122e-19j)
(501.59132604367585-6.982551033923568e-17j)
(501.58502340732207-7.313752748665964e-17j)
(501.57864670031273-1.6412187982114374e-16j)
(501.5722023046685+1.100145284740028e-16j)
(501.5656966426219-2.805450566666432e-16j)
(501.55913617031615+1.490740602133238e-16j)
(501.5525273714818+1.929848407829747e-16j)
(501.54587675110963-3.807841642735315e-16j)
(501.5391908291152-1.011017323490775e-16j)
(501.5324761340076+4.083769236537946e-16j)
(501.5257391965679-3.595915261055435e-17j)
(501.5189865435366+2.962042953229044e-16j)
(501.51222469132995+1.9640875385301823e-16j)
(501.50546013977254-2.0665708496536666e-16j)
(501.49869936587146+4.581873715922579e-16j)
(501.4919488176203+3.551127914834121e-16j)
(501.4852149078514-4.574878577004394e-17j)
(501.47850400813695+3.1619271655411946e-16j)
(501.4718224427447+4.2961156307403954e-16j)
(501.4651764826543+1.701742052437464e-16j)
(501.45857233964006+4.4339431369831246e-16j)
(501.4520161604274+4.96883089006823e-16j)
(501.44551402092293+3.213954490420449e-16j)
(501.4390719205318+2.850371836781975e-16j)
(501.4326957765589+3.8829913431266113e-16j)
(501.42639141870734+2.347368474557901e-16j)
(501.42016458367004+9.45467496929184e-17j)
(501.41402090982984+4.1512836930421154e-17j)
(501.40796593206403-6.326633651433245e-17j)
(501.4020050766639+1.810431063923344e-16j)
(501.3961436563703+1.820699988429501e-16j)
(501.3903868655323-3.6542599979488894e-17j)
(501.38473977539104+4.495775993963802e-17j)
(501.3792073294969+7.170427164757497e-17j)
(501.37379433925867-9.759455276228738e-17j)
(501.3685054796334-1.3028174860670132e-16j)
(501.3633452849583-5.300980275397767e-17j)
(501.35831814492855-2.5187176716435577e-16j)
(501.35342830072955-1.273449383391301e-16j)
(501.34867984131546-2.3954684741181283e-17j)
(501.34407669984984-9.585923543426428e-17j)
(501.33962265030584-3.382783612826854e-17j)
(501.3353213042292+1.999070108051806e-17j)
(501.3311761076632-2.436989632130886e-16j)
(501.3271903382493-9.680383624469282e-17j)
(501.32336710249245-6.454051458490607e-17j)
(501.319709333203-1.9230687514942217e-16j)
(501.3162197871131-8.001628897222348e-17j)
(501.31290104267055-1.9033495648439207e-16j)
(501.30975549801184-3.232784801596665e-16j)
(501.3067853691171-1.0405882421106193e-16j)
(501.30399268814585-2.7121049166098104e-17j)
(501.30137930195764-4.601215389432779e-16j)
(501.2989468708173-7.788107469868981e-18j)
(501.29669686728397-1.79477949952134e-16j)
(501.2946305752915-1.7902837646229607e-16j)
(501.29274908940965-3.8898548043395115e-18j)
(501.2910533142967+3.872603557233828e-17j)
(501.2895439643389-2.1018967276810013e-16j)
(501.28822156347815-2.622047170853676e-17j)
(501.2870864452241-3.6554493888260073e-16j)
(501.2861387528581+2.7474919389528927e-17j)
(501.28537843982025+1.8525557103767805e-16j)
(501.2848052702838-4.981027428100357e-17j)
(501.2844188199138+1.219801018060718e-16j)
(501.28421847681204-1.750638352695339e-17j)
(501.2842034426415+1.462936882431627e-16j)
(501.284372733935-1.970841124925731e-16j)
(501.28472518358166+1.981908857202238e-16j)
(501.28525944249407+6.606713326095849e-17j)
(501.28597398144785+2.8653301800414025e-17j)
(501.2868670931+2.0653919186510248e-16j)
(501.2879368941741+1.9668626671868256e-16j)
(501.28918132781894-1.4048736447699036e-17j)
(501.29059816613255+4.498181198588838e-17j)
(501.29218501285106-2.751453310250662e-16j)
(501.2939393061965-2.809948506229253e-16j)
(501.2958583218857+9.423657101018993e-17j)
(501.2979391762928-1.932990559499289e-16j)
(501.3001788297652-1.271938811926468e-16j)
(501.30257409008385-2.9955864201976527e-16j)
(501.30512161607385-1.1688380245446105e-16j)
(501.30781792134985-2.4490585573428285e-16j)
(501.31065937820335-2.0874938630493024e-16j)
(501.3136422216208-1.2260482072823818e-16j)
(501.31676255343064-6.033287169285762e-16j)
(501.32001634657576-4.2048398396902246e-17j)
(501.32339944950445-2.0782518025410457e-16j)
(501.32690759068055+1.504099673480294e-17j)
(501.33053638320047-4.644820190109496e-16j)
(501.33428132952076-7.433670237899795e-18j)
(501.3381378262835-3.966277627578765e-16j)
(501.3421011692429-4.632093643530193e-16j)
(501.3461665582806-6.782405529447742e-17j)
(501.35032910250663-4.986286362300411e-16j)
(501.35458382544755-8.810533334162822e-17j)
(501.35892567030515-3.349303910610448e-16j)
(501.3633495052901-3.649210937269906e-16j)
(501.3678501290197-3.046182477303325e-16j)
(501.3724222759763-3.5256063336880524e-16j)
(501.37706062202216-3.66247029558482e-16j)
(501.3817597899618-4.571948060112186e-16j)
(501.3865143551509-2.0200484642785302e-16j)
(501.39131885113994-5.124967427973734e-16j)
(501.3961677753555-2.4471310101134273e-16j)
(501.40105559480463-1.8043897644123176e-16j)
(501.4059767518014-6.275555340118499e-16j)
(501.4109256697137-3.522477838821538e-16j)
(501.4158967587138+1.6271390361541098e-16j)
(501.42088442153795-3.040407757834616e-16j)
(501.4258830592434-2.1094513454530868e-16j)
(501.4308870769581+1.4299181188483453e-16j)
(501.4358908896208-4.2032677646490455e-16j)
(501.4408889276977-3.0514815234547074e-17j)
(501.44587564288145-9.094454112109823e-17j)
(501.4508455137564-4.0601132859047573e-16j)
(501.4557930514325-7.740119489212262e-17j)
(501.46071280513434+4.072570026984715e-17j)
(501.4655993677503-1.6234887694851656e-16j)
(501.4704473813254+1.4986466748121725e-16j)
(501.4752515425011+2.515328616636453e-16j)
(501.4800066078888-9.641070967841487e-17j)
(501.48470739938375-6.265091470928595e-17j)
(501.48934880939913-1.460215768096419e-17j)
(501.49392580602506-1.8014065784469572e-16j)
(501.49843343811017-1.8663831282593834e-16j)
(501.50286684024667-2.1605919688702286e-16j)
(501.50722123767287-3.511066996530294e-16j)
(501.5114919510732-2.445242725548012e-16j)
(501.5156744012772-7.876562720338214e-17j)
(501.51976411385385-3.838636121301741e-16j)
(501.52375672359784-3.5281866283858006e-16j)
(501.52764797889364-2.1558521209266207e-16j)
(501.5314337459704-4.456873974644973e-16j)
(501.5351100130267-3.6664871233273377e-16j)
(501.53867289423033-3.846799228801791e-16j)
(501.5421186335908-5.013146444601799e-16j)
(501.54544360869073-5.465876187036999e-16j)
(501.54864433428537-2.467605968381722e-16j)
(501.551717465759-4.345026048683584e-16j)
(501.55465980243406-4.964556788001193e-16j)
(501.55746829073706-3.801649609761419e-16j)
(501.5601400272089-5.025346283396306e-16j)
(501.5626722613677-4.7493496914021e-16j)
(501.56506239840746-4.56000643950404e-16j)
(501.5673080017465-5.154279514214329e-16j)
(501.56940679540924-5.125105047188711e-16j)
(501.57135666624447-5.494520893627557e-16j)
(501.5731556659831-7.0279982591238285e-16j)
(501.5748020131238-4.042762997518038e-16j)
(501.57629409465227-4.812834583725394e-16j)
(501.57763046758976-7.50706311094581e-16j)
(501.5788098603684-3.750607678326698e-16j)
(501.579831174036-5.032614897934283e-16j)
(501.5806934832864-5.864509210740181e-16j)
(501.5813960373111-4.0050999630075085e-16j)
(501.5819382604818-3.4067051898076023e-16j)
(501.5823197528514-6.477989891655098e-16j)
(501.5825402904821-3.981692402690545e-16j)
(501.58259982559554-6.903250801801583e-16j)
(501.58249848654526-3.030199620088732e-16j)
(501.582236577617-1.3679198469491464e-16j)
(501.5818145786471-3.4172570487693333e-16j)
(501.5812331444723-1.133937527115481e-16j)
(501.58049310419864-3.820243187514121e-16j)
(501.57959546030014-1.8172830260108866e-16j)
(501.57854138754476-5.784652693197049e-16j)
(501.57733223174677-2.5209238340642567e-16j)
(501.5759695083524-3.194473750837716e-16j)
(501.5744549008513-3.4111960129117325e-16j)
(501.5727902590292-1.3098273032657958e-16j)
(501.57097759704794-1.9334574729742015e-16j)
(501.56901909136775-3.3170501363479163e-16j)
(501.56691707850695-2.9112814431402633e-16j)
(501.56467405264215-5.42388332340752e-16j)
(501.5622926630558-7.34407618540444e-16j)
(501.55977571142955-3.1598685671828766e-16j)
(501.55712614898493-4.818232115389358e-16j)
(501.55434707348013-4.563355359596717e-16j)
(501.55144172606134-5.38338883148089e-16j)
(501.5484134879729-3.436866044117608e-16j)
(501.5452658771297-4.612491665544646e-16j)
(501.54200254455804-5.337564038957322e-16j)
(501.5386272707026-3.569978389847536e-16j)
(501.53514396161063-9.257800001623863e-16j)
(501.53155664498934-3.3875625929452267e-16j)
(501.5278694661506-4.1411427438901136e-16j)
(501.52408668383435-1.926901332164602e-16j)
(501.5202126659289-7.344978805367449e-16j)
(501.5162518850796-3.144212096272577e-16j)
(501.51220891419956-5.150579897654624e-16j)
(501.50808842188343-7.296254910011428e-16j)
(501.50389516772793-4.0075607520020707e-16j)
(501.4996339975654-7.978543698153767e-16j)
(501.49530983861683-3.5676228904163683e-16j)
(501.490927694565-5.910583589784168e-16j)
(501.4864926405542-4.452626226797008e-16j)
(501.4820098181267-5.517357821431376e-16j)
(501.4774844300939-5.385783589386975e-16j)
(501.4729217353489-4.918876618527236e-16j)
(501.46832704363095-5.52356107732177e-16j)
(501.4637057102404-4.080334801352332e-16j)
(501.4590631307135-6.471907202588315e-16j)
(501.4544047354599-4.714344573830055e-16j)
(501.4497359843735-3.9915580058038837e-16j)
(501.4450623614112-6.495830170005504e-16j)
(501.4403893691589-6.284670291083161e-16j)
(501.4357225233813-1.1262992749035142e-16j)
(501.4310673475583-4.12731591809942e-16j)
(501.4264293674264-6.153022911559684e-16j)
(501.4218141055157+3.0450208213934564e-17j)
(501.41722707569687-6.111368164820498e-16j)
(501.4126737777425-3.9000192223502687e-16j)
(501.4081596919048-3.7439237144837847e-16j)
(501.4036902735205-5.444041093112979e-16j)
(501.3992709476414-3.96227222174904e-16j)
(501.3949071037031-1.9374568662505786e-16j)
(501.3906040902336-3.2027262816650197e-16j)
(501.386367209603-4.431382347131066e-17j)
(501.3822017128331+1.2061694406758974e-16j)
(501.3781127944524-3.9354262887687403e-16j)
(501.37410558742073-1.5278931640244396e-16j)
(501.37018515811553-2.5044248180116078e-16j)
(501.3663565013903-3.0109926094182023e-16j)
(501.36262453571163-3.8194030884835295e-16j)
(501.35899409837174-3.739427314060275e-16j)
(501.3554699407938-5.171379022788837e-16j)
(501.3520567239235-4.54502390958018e-16j)
(501.3487590137147-2.366208930818724e-16j)
(501.34558127671903-5.449417489743792e-16j)
(501.3425278757772-5.049886046169531e-16j)
(501.3396030658163-2.436163613701876e-16j)
(501.3368109897655-4.890142233384388e-16j)
(501.3341556745818-4.485684679295918e-16j)
(501.3316410274015-5.360056793188794e-16j)
(501.32927083181346-6.257206749758187e-16j)
(501.3270487442617-7.25390005402994e-16j)
(501.32497829057843-3.796168484492112e-16j)
(501.3230628626543-5.097076519503075e-16j)
(501.3213057152444-5.935336926009889e-16j)
(501.3197099629197-3.932081344727355e-16j)
(501.31827857715933-4.931610348740755e-16j)
(501.3170143835935-6.048300604860781e-16j)
(501.31592005939365-5.790310234919342e-16j)
(501.31499813082166-5.523779430790118e-16j)
(501.314250970926-7.301422312687546e-16j)
(501.31368079740247-5.393302359881378e-16j)
(501.31328967061074-9.234747262955115e-16j)
(501.31307949175704-4.652156151794359e-16j)
(501.3130520012349-5.232416989908571e-16j)
(501.31320877713586-7.468731921735606e-16j)
(501.31355123392416-5.6844054677833705e-16j)
(501.31408062127997-5.379015331814663e-16j)
(501.3147980231159-7.681793051632059e-16j)
(501.3157043567542-5.054851527738002e-16j)
(501.3168003722864-4.695238151071962e-16j)
(501.31808665209627-8.179812329270276e-16j)
(501.3195636105589-4.3347647568678274e-16j)
(501.32123149391-6.799530736462548e-16j)
(501.3230903802897-4.458384796350477e-16j)
(501.32514017995874-2.337111278142571e-16j)
(501.3273806356831-3.528807636917784e-16j)
(501.32981132329644-9.046847912168723e-17j)
(501.3324316524303-3.972360278224237e-16j)
(501.3352408674146-1.3895957603024889e-16j)
(501.33823804834833-5.849144711826154e-16j)
(501.3414221123402-2.8172856243630777e-16j)
(501.344791814916-2.2676948421289187e-16j)
(501.3483457515899-3.713044717507686e-16j)
(501.35208235960215-2.674052919184704e-16j)
(501.35599991981934-3.3204910365955725e-16j)
(501.3600965587943-4.626113796478528e-16j)
(501.36437025098604-4.171954348568775e-16j)
(501.36881882113386-5.676317209457968e-16j)
(501.37343994678787-9.562951699506937e-16j)
(501.3782311609905-4.246849349648184e-16j)
(501.3831898551056-4.575883269254207e-16j)
(501.3883132817938-5.714035773894474e-16j)
(501.3935985581328-6.440269060842779e-16j)
(501.3990426688745-4.484151312784304e-16j)
(501.40464246984243-5.475545351743434e-16j)
(501.4103946914578-5.513835336904187e-16j)
(501.41629594240015-3.718415204319081e-16j)
(501.4223427133898-9.7700603097166e-16j)
(501.4285313810962-3.9422071596418563e-16j)
(501.4348582121607-4.117748872203115e-16j)
(501.4413193673387-2.81087600364659e-16j)
(501.4479109057448-6.643825032222169e-16j)
(501.4546287892129-3.7805861192648913e-16j)
(501.4614688867494-5.46303189392784e-16j)
(501.46842697908863-7.121730903174706e-16j)
(501.4754987633395-4.507120262920011e-16j)
(501.48267985771855-9.026394412859607e-16j)
(501.4899658063688-4.585857017490274e-16j)
(501.49735208425545-6.088722050088148e-16j)
(501.5048341021335-5.422201689661647e-16j)
(501.5124072115861-6.8504480591409475e-16j)
(501.52006671012754-5.488600480079431e-16j)
(501.52780784635905-5.649425798915729e-16j)
(501.53562582518344-6.085054328136359e-16j)
(501.5435158130645-4.33002405361728e-16j)
(501.551472943329-7.923209391793084e-16j)
(501.5594923215086-6.076633690878501e-16j)
(501.56756903071044-5.08437574564404e-16j)
(501.57569813701554-7.490976623200124e-16j)
(501.5838746948979-7.005411079998756e-16j)
(501.59209375266204-2.630128223466838e-16j)
(501.60035035788485-5.190986139630963e-16j)
(501.60863956286863-8.467919460505615e-16j)
(501.61695643008915+1.83946654685141e-17j)
(501.62529603763846-7.602123100872459e-16j)
(501.63365348465726-6.557705633932691e-16j)
(501.642023896748-5.459621821833889e-16j)
(501.6504024313666-7.992944448686526e-16j)
(501.6587842831882-5.903547607415315e-16j)
(501.6671646894329-2.9184250005241445e-16j)
(501.6755389351608-4.74039154565017e-16j)
(501.68390235851666-2.6282596944373543e-16j)
(501.69225035592945+2.330816589446508e-16j)
(501.70057838725285-6.44930004268328e-16j)
(501.70888198085083-4.2652619576032923e-16j)
(501.71715673861286-3.589250290137571e-16j)
(501.7253983409029-5.186143817296425e-16j)
(501.7336025514322-5.329299198766564e-16j)
(501.7417652220515-4.53995080843387e-16j)
(501.7498822974588-6.869103996845415e-16j)
(501.75794981981556-6.066060030164354e-16j)
(501.7659639332734-3.1967878069408787e-16j)
(501.773920888395-7.651948558127991e-16j)
(501.7818170464782-7.623619851471845e-16j)
(501.7896488837654-3.4234644299571145e-16j)
(501.79741299554803-5.79380728414936e-16j)
(501.8051061001487-4.452125345825176e-16j)
(501.8127250427845-7.21958502430735e-16j)
(501.82026679930914-7.355128484226274e-16j)
(501.8277284798214-8.296517708285516e-16j)
(501.83510733214507-4.801429224459962e-16j)
(501.8424007451742-6.912000876740772e-16j)
(501.84960625207435-7.962550212973444e-16j)
(501.85672153334815-4.355766751463224e-16j)
(501.86374441974954-6.233810880381294e-16j)
(501.8706728950528-7.453069808555144e-16j)
(501.8775050986691-6.411165611642299e-16j)
(501.8842393281091-6.607588318786775e-16j)
(501.890874041288-8.944006924224262e-16j)
(501.8974078586726-5.351323665072624e-16j)
(501.90383956526614-1.0996585836323959e-15j)
(501.91016811242804-6.405186910278766e-16j)
(501.9163926195315-6.383224147868591e-16j)
(501.9225123754509-8.817359026318497e-16j)
(501.9285268398797-8.306296811368061e-16j)
(501.9344356444809-6.966391759258846e-16j)
(501.9402385938631-1.0163884050156725e-15j)
(501.9459356663826-7.350628848232179e-16j)
(501.9515270147767-7.339589324015337e-16j)
(501.9570129666146-1.0964737746369946e-15j)
(501.96239402457945-7.573611149724402e-16j)
(501.967670866573-8.435602866746176e-16j)
(501.97284434563915-6.672754265658427e-16j)
(501.9779154897207-4.921334247467343e-16j)
(501.9828855012305-5.166546088972225e-16j)
(501.98775575645124-1.884681265338626e-16j)
(501.9925278047619-5.810705368129033e-16j)
(501.9972033676829-2.1340589921331729e-16j)
(502.0017843377527-7.857922358738333e-16j)
(502.006272777228-5.415258539328743e-16j)
(502.0106709166139-3.4653875287202713e-16j)
(502.0149811530206-5.44243048025695e-16j)
(502.0192060483529-5.502693114584905e-16j)
(502.02334832732976-6.162157932677868e-16j)
(502.02741087533974-7.834629367784565e-16j)
(502.03139673612975-6.7966898333218095e-16j)
(502.03530910933574-5.703118580049325e-16j)
(502.0391513478469-1.2389882159131816e-15j)
(502.0429269550199-6.96335724891824e-16j)
(502.04663958173074-6.580223929133892e-16j)
(502.0502930232816-6.745330600440183e-16j)
(502.0538912161528-8.200470866681828e-16j)
(502.0574382346102-6.411910942779566e-16j)
(502.0609382871694-6.417830319751625e-16j)
(502.0643957129206-5.993496508420091e-16j)
(502.0678149777163-3.691110723060915e-16j)
(502.0712006702252-1.0163952373991415e-15j)
(502.0745574978582-5.226312909767073e-16j)
(502.0778902825678-5.28910750564424e-16j)
(502.081203956528-3.5257203180561254e-16j)
(502.08450355769287-6.80716020368754e-16j)
(502.08779422524594-5.270569875953975e-16j)
(502.0910811949384-6.051115316524848e-16j)
(502.0943697943232-7.46662564868461e-16j)
(502.0976654378887-4.791004049017244e-16j)
(502.1009736220972-9.42107851097714e-16j)
(502.1042999203328-5.685330396690553e-16j)
(502.1076499777635-5.910824430212752e-16j)
(502.11102950612116-4.873720577774723e-16j)
(502.1144442784046-7.718251835198289e-16j)
(502.117900123516-6.458956631175438e-16j)
(502.1214029208237-6.245640606757399e-16j)
(502.12495859467197-6.731868758488612e-16j)
(502.12857310883015-3.816406765107336e-16j)
(502.1322524608917-1.0541195217624572e-15j)
(502.1360026766305-6.601964732465252e-16j)
(502.1398298043162-6.015242880982676e-16j)
(502.14373990899355-6.886497974193859e-16j)
(502.1477390667372-7.378457804075112e-16j)
(502.1518333588778-3.8691455956990695e-16j)
(502.15602886621434-5.093740812978354e-16j)
(502.16033166321347-8.918953365233736e-16j)
(502.16474781219864+3.787111207807942e-17j)
(502.1692833575444-8.64169569865311e-16j)
(502.1739443198676-8.022420840817699e-16j)
(502.1787366902345-5.139926003699954e-16j)
(502.1836664243791-7.876356059621071e-16j)
(502.18873943694666-5.148903658706775e-16j)
(502.19396159575786-3.060006976728066e-16j)
(502.1993387161104-5.463995145411522e-16j)
(502.20487655511334-3.1765719578130833e-16j)
(502.21058080606934+3.976120367853938e-16j)
(502.2164570928989-6.27121970640051e-16j)
(502.2225109646241-4.414977105776667e-16j)
(502.2287478899053-3.0216717916397034e-16j)
(502.2351732516464-4.1854876997458684e-16j)
(502.2417923416678-4.3585632971987437e-16j)
(502.24861035545075-3.497268960643963e-16j)
(502.2556323869662-6.269694182485149e-16j)
(502.2628634235832-5.002005964072262e-16j)
(502.2703083410684-2.2507656941843565e-16j)
(502.2779718986795-7.538886245869348e-16j)
(502.28585873435605-7.203860357640495e-16j)
(502.293973360015-2.8648742220267706e-16j)
(502.30232015695236-3.367711225795483e-16j)
(502.31090337135646-1.714501480380246e-16j)
(502.319727109941-6.8133296074001e-16j)
(502.3287953356934-5.939721974612364e-16j)
(502.3381118637529-6.715842052174885e-16j)
(502.3476803574123-3.6024187259869806e-16j)
(502.3575043242554-6.067408352033258e-16j)
(502.3675871124297-6.603742850704681e-16j)
(502.3779319070581-2.7000921425859664e-16j)
(502.3885417267931-4.621953595964642e-16j)
(502.3994194205194-4.520077244353637e-16j)
(502.41056766420314-4.3035778288296585e-16j)
(502.42198895789585-4.872935792150055e-16j)
(502.433685622893-6.149312983920281e-16j)
(502.44565979905-1.6856992934781672e-16j)
(502.45791344225916-8.510568578650982e-16j)
(502.4704483220902-4.582426019796643e-16j)
(502.48326601959536-4.487899985108276e-16j)
(502.49636792528224-5.94799648121308e-16j)
(502.50975523725464-6.0735264902906735e-16j)
(502.52342895952734-4.8016840084132495e-16j)
(502.5373899005107-8.069295467655617e-16j)
(502.5516386716693-4.926715524618228e-16j)
(502.5661756863603-6.056278468141708e-16j)
(502.58100115884054-9.376785951243213e-16j)
(502.59611510346053-5.180034724306925e-16j)
(502.6115173340272-6.787520756844639e-16j)
(502.62720746335384-5.077319287655595e-16j)
(502.6431849029813-3.4328617561657827e-16j)
(502.659448863087-3.2502233416082745e-16j)
(502.67599835256584+2.4586180114461033e-17j)
(502.69283217929666-3.445003876164801e-16j)
(502.7099489505837-1.824937469386337e-17j)
(502.72734707377776-6.662246269874377e-16j)
(502.7450247570792-3.3471622416726816e-16j)
(502.7629800105139-8.44146189774869e-17j)
(502.78121064708637-3.793510443951283e-16j)
(502.79971428411073-4.842423873350804e-16j)
(502.81848834471447-6.398209727114201e-16j)
(502.8375300595143-6.770837645771677e-16j)
(502.8568364684629-5.551892097449422e-16j)
(502.87640442286886-3.855469459675551e-16j)
(502.89623058757735-1.051330754923685e-15j)
(502.9163114433227-6.338665390249314e-16j)
(502.9366432892395-4.90695847538671e-16j)
(502.9572222455379-5.128644517359661e-16j)
(502.9780442563347-5.826135383659346e-16j)
(502.99910509264026-5.971939293741482e-16j)
(503.0204003554998-4.618472897311183e-16j)
(503.04192547928324-2.5702485065865887e-16j)
(503.0636757351204-4.743432102410841e-17j)
(503.08564623448154-7.223801783227083e-16j)
(503.1078319328988-3.1476092407960255e-16j)
(503.1302276338193-3.0991324762918164e-16j)
(503.15282799259774-1.6320972278944267e-16j)
(503.1756275206108-3.4680697018091964e-16j)
(503.19862058950423-3.946954858465767e-16j)
(503.221801435554-3.779208929026369e-16j)
(503.24516416414974-5.277006382138865e-16j)
(503.26870275438796-2.7201977769376857e-16j)
(503.292411063775-7.727664891401443e-16j)
(503.3162828330334-2.8556749758150386e-16j)
(503.3403116910087-3.134035753622838e-16j)
(503.3644911596706-1.985537786637324e-16j)
(503.3888146592021-5.893969613332592e-16j)
(503.41327551318-5.999874973430502e-16j)
(503.4378669538283-5.280777666078098e-16j)
(503.4625821273529-5.382397392202301e-16j)
(503.4874140993456-2.326974816709706e-16j)
(503.51235586025047-1.0369558298532819e-15j)
(503.5374003308964-5.928814324802314e-16j)
(503.5625403680792-5.612983260185744e-16j)
(503.587768770197-5.010365368631164e-16j)
(503.6130782829306-4.495911362903409e-16j)
(503.6384616049606-2.5017470671643765e-16j)
(503.66391139372104-3.430685076922886e-16j)
(503.68942027118203-8.205422001136143e-16j)
(503.71498082965235+1.9124278732738318e-16j)
(503.74058563760633-8.033017928827297e-16j)
(503.7662272455143-6.522995113708166e-16j)
(503.7918981916906-3.601717305816634e-16j)
(503.8175910081341-6.073322186840276e-16j)
(503.84329822637096-1.365300457405713e-16j)
(503.86901238328466-2.3716069784231595e-16j)
(503.8947260269349-4.762403940253016e-16j)
(503.9204317223537-2.019816615356137e-16j)
(503.9461220573181+4.156087134624269e-16j)
(503.97178964809024-5.095854895546422e-16j)
(503.9974271451248-2.4824254650330945e-16j)
(504.02302723873225-2.259567991715019e-16j)
(504.04858266469734-3.318568925051138e-16j)
(504.0740862098482-2.0072813884329688e-16j)
(504.09953071756144-1.804379290703492e-16j)
(504.12490909321764-3.751465221014114e-16j)
(504.1502143095782-3.818384019287171e-16j)
(504.17543941209993-1.0162402616617069e-16j)
(504.20057752416665-6.899024279700675e-16j)
(504.22562185224575-4.788554046434357e-16j)
(504.2505656909547-1.8822481072173626e-16j)
(504.2754024280381-1.1589882714501117e-16j)
(504.3001255492523+2.844403029239333e-16j)
(504.3247286431491-5.051579127515419e-16j)
(504.3492054057552-3.213797262055592e-16j)
(504.37354964514697-3.7869276797654623e-16j)
(504.3977552859096-1.8257657686289488e-16j)
(504.4218163734847-3.961891122680859e-16j)
(504.4457270783953-4.680512747405893e-16j)
(504.46948170034915-1.45136555848765e-16j)
(504.49307467221564-1.2279435681633638e-16j)
(504.5165005638714-2.303710975474985e-16j)
(504.53975408590975-2.2977899186840413e-16j)
(504.56283009322175-3.1571272082141957e-16j)
(504.58572358842514-4.2497879671470995e-16j)
(504.6084297251614-5.900853742632933e-17j)
(504.6309438112408-6.503368114958797e-16j)
(504.6532613116396-2.0905464519206122e-16j)
(504.6753778513494-3.7072531849782736e-16j)
(504.69728921807075-2.9606314946500484e-16j)
(504.71899136474946-2.978806967290359e-16j)
(504.74048041196113-3.1844098902882557e-16j)
(504.7617526501293-5.448908578564048e-16j)
(504.7828045415882-3.678662936781447e-16j)
(504.80363272247877-5.952719598743633e-16j)
(504.82423400448175-7.055458778704444e-16j)
(504.84460537638523-2.6114830680524495e-16j)
(504.86474400548497-4.869191608810785e-16j)
(504.884647238819-2.361206814978639e-16j)
(504.904312604229-2.3901222401877986e-16j)
(504.92373781125934-2.7334406848925187e-16j)
(504.94292075188+2.488608060146438e-16j)
(504.9618595010435-3.244071924474993e-16j)
(504.9805523170708-1.3898256114178904e-16j)
(504.9989976418664-5.73086271748285e-16j)
(505.0171941009651-2.440014086826145e-16j)
(505.03514050340806+1.9077257024559903e-17j)
(505.05283584144803-3.073307812864867e-16j)
(505.070279290092-3.46869124354257e-16j)
(505.0874702064697-7.375766121265308e-16j)
(505.104408129039-4.815829258562987e-16j)
(505.1210927766268-4.796855746766503e-16j)
(505.1375240473025-3.4960944052257694e-16j)
(505.1537020170919-8.415117656306344e-16j)
(505.1696269385287-5.965432274726316e-16j)
(505.18529923904606-4.1553237549079276e-16j)
(505.2007195192139-2.6816865062459356e-16j)
(505.21588855081757-3.6506571020679305e-16j)
(505.2308072747838-6.226718275273867e-16j)
(505.2454767989587-2.8532316349954232e-16j)
(505.2598983957357-2.0412315715548085e-16j)
(505.27407349953637-6.606387440710411e-17j)
(505.28800370415314-4.704487157462091e-16j)
(505.3016907599465-1.733366133364139e-16j)
(505.3151365709107-2.7119818964505803e-16j)
(505.3283431916025-9.143364600988965e-19j)
(505.34131282393923-1.7831574782548458e-16j)
(505.3540478138756-4.3058829922808454e-16j)
(505.3665506479475-1.1381460795970818e-16j)
(505.37882394970615-5.269282771763548e-16j)
(505.3908704760294-3.2824592111006545e-16j)
(505.4026931133252-5.683525600226993e-16j)
(505.41429487362416-9.113046720048469e-17j)
(505.425678890569-2.3203918972951993e-16j)
(505.4368484153066+1.6681725025996467e-16j)
(505.44780681228065-4.2900572983340463e-16j)
(505.45855755493574-6.540349323456313e-16j)
(505.469104221335-3.467659738337612e-16j)
(505.47945048969234-4.577979925852277e-16j)
(505.48960013383237-2.3751510283092883e-16j)
(505.499557018571-8.0799592151839095e-16j)
(505.50932509503565-3.969540567172175e-16j)
(505.5189083959125-5.683874260208708e-16j)
(505.5283110306451-1.5113906481464606e-16j)
(505.5375371805706-2.9065488658134323e-16j)
(505.54659109401337-3.4081799361185936e-16j)
(505.55547708133287-1.422134909128753e-16j)
(505.56419950993006-8.282162209114648e-16j)
(505.57276279922553+7.650374431644567e-17j)
(505.58117141560354-7.012578384051534e-16j)
(505.5894298673366-4.26169816696213e-16j)
(505.59754269949-2.6518134133777646e-16j)
(505.6055144888117-2.997996054641876e-16j)
(505.6133498386174+2.2090589092028254e-17j)
(505.6210533736693-2.1951747673779263e-16j)
(505.6286297350584-4.4071135380916804e-16j)
(505.63608357509526-2.1821343031146018e-16j)
(505.6434195522104+9.234637834201274e-17j)
(505.65064232587423-3.16752550801135e-16j)
(505.6577565515389+6.662505422451296e-17j)
(505.6647668756072-2.354660000012614e-16j)
(505.6716779304352-1.2101001312167277e-16j)
(505.67849432937174-1.0388427814940509e-16j)
(505.6852206618383-1.6042572596526887e-16j)
(505.69186148846165-1.1556285978267523e-16j)
(505.6984213362523-3.577372105296361e-16j)
(505.7049046938447-1.936619041624167e-16j)
(505.7113160067965-4.512165154297214e-16j)
(505.717659672955-1.519246636765923e-16j)
(505.72394003789367-1.6899579926952235e-16j)
(505.73016139042653+1.6262942445336288e-16j)
(505.73632795819884+5.482872290615905e-16j)
(505.7424439033638-4.645036836232667e-16j)
(505.74851331834793-8.575684092347717e-17j)
(505.7545402217089-2.5837569525016303e-16j)
(505.76052855408824-2.193175194893869e-16j)
(505.7664821742664-1.274319330146273e-16j)
(505.7724048553228-3.0567546105254116e-16j)
(505.7783002809009-9.314170220417822e-17j)
(505.78417204158956+2.4387669322273117e-16j)
(505.7900236314145-1.2874511954515117e-16j)
(505.7958584444543-1.9773438003813808e-16j)
(505.8016797715729-1.565731734070573e-16j)
(505.80749079728093-4.013668848461519e-16j)
(505.8132945967242-7.725728524125186e-17j)
(505.8190941328037-3.734047038249692e-16j)
(505.82489225342675+2.1418059746630557e-17j)
(505.83069168889955-3.8014281254809526e-16j)
(505.8364950494552-2.95734695719666e-17j)
(505.8423048229228-1.5583928893111466e-16j)
(505.8481233725429-2.255651885026063e-16j)
(505.8539529349265-2.0157221232152642e-16j)
(505.8597956181614-3.5102255586328605e-16j)
(505.8656534000707-6.030982564835546e-16j)
(505.8715281266171-3.634015340737556e-16j)
(505.87742151046456+3.342844743167123e-17j)
(505.88333512969234-3.6084591189586023e-16j)
(505.8892704266617-3.291561569056543e-18j)
(505.8952287070402-1.7430509551204886e-16j)
(505.90121113898516-3.523238122611478e-16j)
(505.90721875247846+3.4019572977502246e-16j)
(505.91325243882596-3.5391217805826293e-16j)
(505.9193129503092-3.880129198666792e-16j)
(505.9254009000012-3.7623005198781795e-16j)
(505.9315167617369-1.4454939750048967e-16j)
(505.9376608702426+1.979312451501692e-18j)
(505.94383342142606-1.9295155974150877e-16j)
(505.95003447282016-3.1147223755118864e-16j)
(505.9562639441879-8.176968845054811e-16j)
(505.9625216182814-1.7336222115191823e-16j)
(505.968807141757-4.681677067219245e-16j)
(505.9751200262456-5.005938683985756e-16j)
(505.98145964957143-5.954507978315096e-16j)
(505.98782525713364-6.012165723924754e-16j)
(505.99421596342455-4.454505732941351e-16j)
(506.00063075370656-8.669399217753513e-17j)
(506.00706848583195-3.755100769349122e-16j)
(506.0135278922073-7.613688221876874e-16j)
(506.0200075819022-2.7055320820638855e-16j)
(506.0265060428966-2.7085381216452645e-16j)
(506.03302164446796-3.604575757179046e-16j)
(506.0395526397137-3.5420934875643677e-16j)
(506.04609716820266-1.748767113752675e-16j)
(506.05265325876366-4.451632599562941e-16j)
(506.05921883239495+1.7745474092823875e-17j)
(506.06579170530017-3.4362734676974195e-16j)
(506.0723695920443-5.609545171299824e-16j)
(506.07895010882766-1.1136720204832249e-16j)
(506.08553077687344-6.041099671605713e-16j)
(506.0921090259268-5.047027610782064e-16j)
(506.09868219785704-4.773345048148445e-16j)
(506.1052475503684-1.458009515940714e-16j)
(506.1118022608048-4.171991807240061e-16j)
(506.11834343005165+1.854768480402875e-16j)
(506.1248680865299-5.354959175207028e-16j)
(506.13137319027436-8.262373723014719e-16j)
(506.1378556370962-3.5552480160163783e-16j)
(506.14431226282153-5.095804564489977e-16j)
(506.1507398476095-4.498726898183321e-16j)
(506.1571351203291-6.031594352537512e-16j)
(506.1634947630135-4.988434060214494e-16j)
(506.1698154153613-8.35264335912117e-16j)
(506.17609367930476-1.296207276085181e-16j)
(506.1823261236188-3.299033502008538e-16j)
(506.18850928858234-5.759334568872289e-16j)
(506.19463969067874-2.65356948986944e-16j)
(506.2007138273268-1.0099061619221947e-15j)
(506.20672818165224-2.1384928507723608e-16j)
(506.2126792272773-6.226620811809135e-16j)
(506.21856343313397-4.487017304540397e-16j)
(506.22437726829315-6.187624194131941e-16j)
(506.23011720680347-4.239320514525361e-16j)
(506.2357797325381-2.1329735022334784e-16j)
(506.24136134403915-3.848597553833071e-16j)
(506.2468585593594-5.960649938895967e-16j)
(506.2522679208924-4.3207421856229086e-16j)
(506.25758600019327-3.254754224663342e-16j)
(506.2628094027719-3.689481480212437e-16j)
(506.26793477286657-1.426467463536439e-16j)
(506.27295879818695-6.176641373110238e-16j)
(506.2778782146203-2.9100438270763065e-16j)
(506.2826898109008-2.8941497895888795e-16j)
(506.28739043323066-3.7254002400881203e-16j)
(506.2919769898541-2.294162888615199e-16j)
(506.29644645557534-5.527714133189846e-16j)
(506.3007958762193-5.287012206247947e-16j)
(506.3050223730229-4.921018405693209e-16j)
(506.3091231469657-2.797865366190973e-16j)
(506.31309548301897-5.54771817467175e-16j)
(506.3169367543234+6.648145646970694e-17j)
(506.3206444262777+3.3953890197640456e-16j)
(506.32421606054777-7.139149327885768e-16j)
(506.32764931897714-2.5580060467342793e-16j)
(506.33094196740944-5.276589347621078e-16j)
(506.33409187940407-5.600893990869551e-16j)
(506.33709703985363-2.784908938759924e-16j)
(506.3399555484909-6.191674487742855e-16j)
(506.3426656232867-5.260932777053314e-16j)
(506.34522560372955+9.43252323149695e-17j)
(506.3476339539895-3.5547687857511647e-16j)
(506.3498892659581-4.899315597440934e-16j)
(506.3519902621644-3.6622105601768433e-16j)
(506.3539357985582-6.27634156122736e-16j)
(506.3557248671675-5.203226048185473e-16j)
(506.3573565986137-4.476480178314242e-16j)
(506.3588302644958-1.9035765256417638e-16j)
(506.36014527962857-7.309305655582182e-16j)
(506.3613012041412-1.2841737441161557e-16j)
(506.36229774542767-4.142254120920379e-16j)
(506.36313475995007-5.251515396923854e-16j)
(506.3638122548938-2.60858063288029e-16j)
(506.36433038966567-5.98319987936205e-16j)
(506.3646894772438-9.092365001034161e-16j)
(506.3648899853663-4.539234530444976e-16j)
(506.3649325375673-2.386003392361429e-16j)
(506.3648179140505-6.170773905020814e-16j)
(506.3645470524053-1.11908820731147e-16j)
(506.36412104816014-4.0555144661472174e-16j)
(506.3635411551737-6.69720266916858e-16j)
(506.36280878586626+7.072419796060372e-17j)
(506.36192551128323-5.158932302757986e-16j)
(506.3608930609983-7.803566727686702e-16j)
(506.3597133228491-4.573425305363908e-16j)
(506.35838834251274-4.580712570508301e-16j)
(506.3569203229147-4.083550931564243e-16j)
(506.3553116234709-3.363777193501333e-16j)
(506.3535647591733-6.324161508170715e-16j)
(506.3516823995053-1.1468298905795214e-15j)
(506.34966736719673-2.0692465677519284e-16j)
(506.3475226368202-6.904503380746774e-16j)
(506.34525133322427-8.442909790771882e-16j)
(506.3428567298051-6.369824027255273e-16j)
(506.34034224662605-8.09374998644982e-16j)
(506.33771144837334-7.931114344490643e-16j)
(506.33496804216355-1.5422545264610083e-16j)
(506.33211587519315-5.228143108733843e-16j)
(506.32915893224043-8.30627344473745e-16j)
(506.32610133301415-3.9469380021505356e-16j)
(506.3229473293605-4.839888963292274e-16j)
(506.3197013023221-7.0244904557334665e-16j)
(506.3163677590557-3.500338627668096e-16j)
(506.312951329613-3.223094885885709e-16j)
(506.30945676358203-6.954545010807139e-16j)
(506.30588892659847-9.260788355410103e-18j)
(506.30225279672356-6.331847546365266e-16j)
(506.2985534606981-7.819761317421132e-16j)
(506.29479611007207-2.241782346314937e-16j)
(506.29098603721286-6.971843062809372e-16j)
(506.2871286311987-7.779894184921858e-16j)
(506.283229373599-5.892534384232119e-16j)
(506.2792938341473-3.514997253488674e-16j)
(506.27532766630685-5.881117360620814e-16j)
(506.27133660273654+1.349601137467301e-16j)
(506.26732645066323-7.162228613880074e-16j)
(506.26330308715694-9.197346631558314e-16j)
(506.2592724543227-3.6031193833170254e-16j)
(506.2552405544059-4.846672986477638e-16j)
(506.2512134448229-6.849730798946034e-16j)
(506.2471972331116-5.512299304820108e-16j)
(506.2431980718201-5.753569538992568e-16j)
(506.23922215332385-1.0202624066679717e-15j)
(506.2352757045882-7.036027624424099e-17j)
(506.2313649818747-4.768308015761535e-16j)
(506.2274962653963-8.688261664418559e-16j)
(506.2236758539316-4.1357795670777167e-16j)
(506.2199100593936-9.76004147198018e-16j)
(506.21620520137293-5.080243559449151e-16j)
(506.21256760164215-5.683806550979561e-16j)
(506.2090035786444-5.703431898264986e-16j)
(506.20551944195904-9.21088784893783e-16j)
(506.20212148675444-3.9022833651565945e-16j)
(506.1988159882352-3.1832217922599114e-16j)
(506.19560919608244-3.5717709257767075e-16j)
(506.1925073289026-5.38380481186966e-16j)
(506.1895165686779-4.148738188432181e-16j)
(506.1866430552352-4.634092050467483e-16j)
(506.1838928807328-2.604327031723641e-16j)
(506.1812720841668-2.6047401044000313e-16j)
(506.17878664591353-8.332838418202454e-16j)
(506.176442482303-2.311738987376094e-16j)
(506.1742454402306-3.024597486196773e-16j)
(506.172201291819-4.00705732792612e-16j)
(506.17031572912595-2.315887886757474e-16j)
(506.16859435890944-4.810268908894425e-16j)
(506.16704269745395-6.691620947565852e-16j)
(506.165666165461-3.749868697469291e-16j)
(506.16447008301236-2.3272810377498345e-16j)
(506.16345966460665-6.831520346306812e-16j)
(506.1626400142782+1.3704390163854818e-16j)
(506.1620161208016+2.4810453023252696e-16j)
(506.1615928529831-7.423141983529783e-16j)
(506.1613749550521-2.3636428183057153e-16j)
(506.16136704214676-5.484309928723985e-16j)
(506.16157359590693-6.308273149542643e-16j)
(506.16199896017315-2.360933283413267e-16j)
(506.16264733679867-5.811915912595596e-16j)
(506.16352278158047-6.187738891409006e-16j)
(506.16462920030494+5.419590512148331e-17j)
(506.16597034492617-1.9691333030620839e-16j)
(506.167549809867-5.041708112190582e-16j)
(506.1693710284535-3.050793242482721e-16j)
(506.1714372694874-4.420691474124611e-16j)
(506.1737516339556-5.800209526871965e-16j)
(506.176317051884-3.0952513062669897e-16j)
(506.1791362793351-1.617780789603753e-16j)
(506.1822118955588-6.437046097014846e-16j)
(506.18554630029064+2.2973716429227493e-17j)
(506.18914171120593-3.648835386127134e-16j)
(506.1930001615356-5.062592004335312e-16j)
(506.1971234978361-4.523612707433301e-17j)
(506.2015133779253-3.958126005087909e-16j)
(506.2061712689814-8.422061073558071e-16j)
(506.2110984458107-3.475580016038963e-16j)
(506.216295989282-2.1185246468407297e-16j)
(506.2217647849297-5.841414039156753e-16j)
(506.2275055217348-1.2794033438450176e-16j)
(506.23351869107245-3.3355956375779776e-16j)
(506.239804585839-6.267916910606131e-16j)
(506.2463632997535-9.106714455984317e-18j)
(506.25319472683213-2.326124865256746e-16j)
(506.2602985610482-7.253327287309503e-16j)
(506.26767429616183-3.601141975219363e-16j)
(506.2753212257344-3.7681592734608167e-16j)
(506.2832384433168-4.125626998393138e-16j)
(506.29142484282187-2.170960744541701e-16j)
(506.2998791190707-6.929566129657201e-16j)
(506.3085997685216-1.165380162876586e-15j)
(506.31758509017186-9.519409830626183e-17j)
(506.32683318664664-5.952043289574205e-16j)
(506.3363419654534-9.569811724875192e-16j)
(506.34610914042025-5.911496198296589e-16j)
(506.3561322333066-7.072528141245699e-16j)
(506.36640857558683-7.682240837516289e-16j)
(506.3769353104084-2.225820958974534e-16j)
(506.3877093947186-4.242954868986577e-16j)
(506.39872760155987-6.737074601113462e-16j)
(506.40998652253586-3.5263807482541073e-16j)
(506.42148257043664-3.497167408296234e-16j)
(506.4332119820336-7.486398278041811e-16j)
(506.44517082102925-1.9110630727346406e-16j)
(506.45735498116613-2.7167325094041833e-16j)
(506.4697601894952-5.410626270945338e-16j)
(506.4823820097894+3.502628506558851e-17j)
(506.49521584611443-5.89998378135518e-16j)
(506.5082569465394-7.084968416617694e-16j)
(506.52150040699496-2.1177990180445424e-16j)
(506.53494117526935-5.122076192006222e-16j)
(506.5485740551411-8.3420013428306635e-16j)
(506.56239371064413-6.109752473241095e-16j)
(506.57639467046306-3.6931117348215216e-16j)
(506.59057133245176-4.704480819410881e-16j)
(506.60491796827205+1.1952977020409758e-16j)
(506.619428728154-7.804413331652808e-16j)
(506.63409764576227-8.333112150431542e-16j)
(506.6489186431769-3.4065405615483723e-16j)
(506.663885535972-4.2316144005216515e-16j)
(506.67899203839926-8.370017848329235e-16j)
(506.69423176866155-5.924777124704315e-16j)
(506.70959825427997-5.986545787558654e-16j)
(506.725084937543-9.605359246921456e-16j)
(506.74068518103786-1.5813602429092828e-16j)
(506.7563922732549-5.217293724602686e-16j)
(506.7721994342656-9.577833989759885e-16j)
(506.7880998214594-5.482863770458447e-16j)
(506.80408653535056-8.96197380312151e-16j)
(506.8201526254258-7.249800968448176e-16j)
(506.8362910960532-5.816653416435377e-16j)
(506.85249491242945-6.790041652741432e-16j)
(506.8687570065649-1.0783863544697263e-15j)
(506.885070283305-4.950757258045591e-16j)
(506.9014276263767-3.8791829621164845e-16j)
(506.91782190445724-4.018567766025729e-16j)
(506.9342459772596-5.385672527693948e-16j)
(506.9506927016313-5.465048504477642e-16j)
(506.9671549376558-6.336603659855703e-16j)
(506.98362555475256-3.683321276815567e-16j)
(507.00009743777713-4.680513474816008e-16j)
(507.01656349310497-9.792418625228586e-16j)
(507.03301665470036-4.4227607142993205e-16j)
(507.04944989016303-3.556756580597792e-16j)
(507.0658562067471-4.781145253422713e-16j)
(507.08222865734695-3.5423523289241657e-16j)
(507.0985603464448-5.188040222403482e-16j)
(507.1148444360114-7.659642032696787e-16j)
(507.131074151362-5.356000598197735e-16j)
(507.1472427869542-3.1551866557358366e-16j)
(507.1633437121268-7.846232912759703e-16j)
(507.17937037677126-7.350643820815826e-17j)
(507.1953163169387+1.1797177185790642e-16j)
(507.21117516036304-7.586793328787573e-16j)
(507.226940631911-3.0116732517957497e-16j)
(507.24260655894057-5.933370315471909e-16j)
(507.2581668765751-6.58794319719994e-16j)
(507.2736156328758-3.760916376175083e-16j)
(507.28894699392043-6.469982865110335e-16j)
(507.304155248773-7.11855101882739e-16j)
(507.31923481434575-1.944949673836752e-16j)
(507.33418024014986-2.383975320467392e-16j)
(507.3489862129251-5.941423257601446e-16j)
(507.363647561151-4.288776053416276e-16j)
(507.37815925942726-4.917695186846576e-16j)
(507.3925164327307-8.035094537545098e-16j)
(507.40671436053304-4.724516851355778e-16j)
(507.4207484807832-4.0166941333413544e-16j)
(507.4346143937495-7.761500945873451e-16j)
(507.4483078657157-1.7373973727282747e-16j)
(507.46182483253074-5.138141384591067e-16j)
(507.47516140300525-6.313401731874736e-16j)
(507.4883138621584-1.0391286260693299e-16j)
(507.50127867430086-4.639733526835216e-16j)
(507.51405248596706-9.58481782751193e-16j)
(507.526632128677-5.464639680587384e-16j)
(507.5390146215396-4.695130448642836e-16j)
(507.55119717368433-6.881908111915277e-16j)
(507.56317718652707-3.454768211880858e-16j)
(507.574952255864-5.494874597199797e-16j)
(507.58652017379313-7.743014805247874e-16j)
(507.59787893046035-2.757024057127313e-16j)
(507.6090267156296-3.319997398435741e-16j)
(507.6199619200766-8.915911300266603e-16j)
(507.63068313680674-6.405985548098306e-16j)
(507.6411891620861-6.826179190097956e-16j)
(507.6514789963017-5.590094949326772e-16j)
(507.66155184463435-5.552975161360682e-16j)
(507.6714071175531-8.346225944403637e-16j)
(507.6810444311262-1.222192620480872e-15j)
(507.69046360715413-1.977695592510075e-16j)
(507.69966467311696-7.156091872937841e-16j)
(507.7086478619427-1.0661634154444073e-15j)
(507.7174136115941-6.792674294223896e-16j)
(507.72596256447355-8.354491224808448e-16j)
(507.73429556665275-8.450053649974299e-16j)
(507.74241366691825-4.048999849453392e-16j)
(507.7503181156407-4.9349813608476e-16j)
(507.7580103634714-6.881156887271114e-16j)
(507.76549205985833-3.9333259536399516e-16j)
(507.77276505139133-4.3635658083615975e-16j)
(507.77983137997694-9.524478757189094e-16j)
(507.78669328083885-3.416058448297178e-16j)
(507.79335318035476-5.676057064532951e-16j)
(507.79981369372604-5.181721716160116e-16j)
(507.80607762248246-1.4028221209533652e-16j)
(507.81214795182785-6.501553908749273e-16j)
(507.81802784782866-7.757307648128419e-16j)
(507.82372065444235-2.983223325639734e-16j)
(507.8292298903982-5.705609719628479e-16j)
(507.83455924592784-1.060860141964935e-15j)
(507.8397125793452-6.70664583584737e-16j)
(507.8446939134915-5.365993077440883e-16j)
(507.84950743203143-5.79262482104663e-16j)
(507.8541574756233+6.605730802634533e-17j)
(507.8586485379475-8.337169930726024e-16j)
(507.862985261615-7.231318282886928e-16j)
(507.86717243394656-3.4533972882960786e-16j)
(507.8712149826337-5.053773607995157e-16j)
(507.87511797128354-9.42765079112343e-16j)
(507.87888659485054-6.852475083597512e-16j)
(507.8825261749641-6.58043637774023e-16j)
(507.8860421551491-9.28774805650959e-16j)
(507.88944009595275-2.5458670189829996e-16j)
(507.8927256699739-5.391260150170578e-16j)
(507.89590465680607-1.0216504819048325e-15j)
(507.8989829378945-4.904392803025128e-16j)
(507.90196649131644-8.40145903268578e-16j)
(507.90486138648566-9.180815317975368e-16j)
(507.9076737787853-5.287961656345111e-16j)
(507.9104099041446-7.298212258056846e-16j)
(507.9130760735468-1.0351144604935526e-15j)
(507.91567866748943-4.1058476970381457e-16j)
(507.91822413039523-4.290450090892625e-16j)
(507.92071896497634-4.1943231345328804e-16j)
(507.92316972656596-4.966957554783424e-16j)
(507.92558301741263-6.747615616907813e-16j)
(507.927965480948-9.327920829215603e-16j)
(507.93032379603386-4.1500712985764856e-16j)
(507.93266467119173-4.144202470536965e-16j)
