col_0,col_1,col_2,col_3,col_4,col_5,col_6,col_7,col_8,col_9,col_10,col_11,col_12,col_13,col_14,col_15,col_16,col_17,col_18,col_19,col_20,col_21,col_22,col_23,col_24,col_25,col_26,col_27,col_28,col_29,col_30,col_31,col_32,col_33,col_34,col_35,col_36,col_37,col_38,col_39,col_40,col_41,col_42,col_43,col_44,col_45,col_46,col_47,col_48,col_49,col_50,col_51,col_52,col_53,col_54,col_55,col_56,col_57,col_58,col_59,col_60,col_61,col_62,col_63,col_64,col_65,col_66,col_67,col_68,col_69,col_70,col_71,col_72,col_73,col_74,col_75,col_76,col_77,col_78,col_79,col_80,col_81,col_82,col_83,col_84,col_85,col_86,col_87,col_88,col_89,col_90,col_91,col_92,col_93,col_94,col_95,col_96,col_97,col_98,col_99,col_100,col_101,col_102,col_103,col_104,col_105,col_106,col_107,col_108,col_109,col_110,col_111,col_112,col_113,col_114,col_115,col_116,col_117,col_118,col_119,col_120,col_121,col_122,col_123,col_124,col_125,col_126,col_127,col_128,col_129,col_130,col_131,col_132,col_133,col_134,col_135,col_136,col_137,col_138,col_139,col_140,col_141,col_142,col_143,col_144,col_145,col_146,col_147,col_148,col_149,col_150,col_151,col_152,col_153,col_154,col_155,col_156,col_157,col_158,col_159,col_160,col_161,col_162,col_163,col_164,col_165,col_166,col_167,col_168,col_169,col_170,col_171,col_172,col_173,col_174,col_175,col_176,col_177,col_178,col_179,col_180,col_181,col_182,col_183,col_184,col_185,col_186,col_187,col_188,col_189,col_190,col_191,col_192,col_193,col_194,col_195,col_196,col_197,col_198,col_199,col_200,col_201,col_202,col_203,col_204,col_205,col_206,col_207,col_208,col_209,col_210,col_211,col_212,col_213,col_214,col_215,col_216,col_217,col_218,col_219,col_220,col_221,col_222,col_223,col_224,col_225,col_226,col_227,col_228,col_229,col_230,col_231,col_232,col_233,col_234,col_235,col_236,col_237,col_238,col_239,col_240,col_241,col_242,col_243,col_244,col_245,col_246,col_247,col_248,col_249,col_250,col_251,col_252,col_253,col_254,col_255,col_256,col_257,col_258,col_259,col_260,col_261,col_262,col_263,col_264,col_265,col_266,col_267,col_268,col_269,col_270,col_271,col_272,col_273,col_274,col_275,col_276,col_277,col_278,col_279,col_280,col_281,col_282,col_283,col_284,col_285,col_286,col_287,col_288,col_289,col_290,col_291,col_292,col_293,col_294,col_295,col_296,col_297,col_298,col_299,col_300,col_301,col_302,col_303,col_304,col_305,col_306,col_307,col_308,col_309,col_310,col_311,col_312,col_313,col_314,col_315,col_316,col_317,col_318,col_319,col_320,col_321,col_322,col_323,col_324,col_325,col_326,col_327,col_328,col_329,col_330,col_331,col_332,col_333,col_334,col_335,col_336,col_337,col_338,col_339,col_340,col_341,col_342,col_343,col_344,col_345,col_346,col_347,col_348,col_349,col_350,col_351,col_352,col_353,col_354,col_355,col_356,col_357,col_358,col_359,col_360,col_361,col_362,col_363,col_364,col_365,col_366,col_367,col_368,col_369,col_370,col_371,col_372,col_373,col_374,col_375,col_376,col_377,col_378,col_379,col_380,col_381,col_382,col_383,col_384,col_385,col_386,col_387,col_388,col_389,col_390,col_391,col_392,col_393,col_394,col_395,col_396,col_397,col_398,col_399,col_400,col_401,col_402,col_403,col_404,col_405,col_406,col_407,col_408,col_409,col_410,col_411,col_412,col_413,col_414,col_415,col_416,col_417,col_418,col_419,col_420,col_421,col_422,col_423,col_424,col_425,col_426,col_427,col_428,col_429,col_430,col_431,col_432,col_433,col_434,col_435,col_436,col_437,col_438,col_439,col_440,col_441,col_442,col_443,col_444,col_445,col_446,col_447,col_448,col_449,col_450,col_451,col_452,col_453,col_454,col_455,col_456,col_457,col_458,col_459,col_460,col_461,col_462,col_463,col_464,col_465,col_466,col_467,col_468,col_469,col_470,col_471,col_472,col_473,col_474,col_475,col_476,col_477,col_478,col_479,col_480,col_481,col_482,col_483,col_484,col_485,col_486,col_487,col_488,col_489,col_490,col_491,col_492,col_493,col_494,col_495,col_496,col_497,col_498,col_499,col_500,col_501,col_502,col_503,col_504,col_505,col_506,col_507,col_508,col_509,col_510,col_511,col_512,col_513,col_514,col_515,col_516,col_517,col_518,col_519,col_520,col_521,col_522,col_523,col_524,col_525,col_526,col_527,col_528,col_529,col_530,col_531,col_532,col_533,col_534,col_535,col_536,col_537,col_538,col_539,col_540,col_541,col_542,col_543,col_544,col_545,col_546,col_547,col_548,col_549,col_550,col_551,col_552,col_553,col_554,col_555,col_556,col_557,col_558,col_559,col_560,col_561,col_562,col_563,col_564,col_565,col_566,col_567,col_568,col_569,col_570,col_571,col_572,col_573,col_574,col_575,col_576,col_577,col_578,col_579,col_580,col_581,col_582,col_583,col_584,col_585,col_586,col_587,col_588,col_589,col_590,col_591,col_592,col_593,col_594,col_595,col_596,col_597,col_598,col_599,col_600,col_601,col_602,col_603,col_604,col_605,col_606,col_607,col_608,col_609,col_610,col_611,col_612,col_613,col_614,col_615,col_616,col_617,col_618,col_619,col_620,col_621,col_622,col_623,col_624,col_625,col_626,col_627,col_628,col_629,col_630,col_631,col_632,col_633,col_634,col_635,col_636,col_637,col_638,col_639,col_640,col_641,col_642,col_643,col_644,col_645,col_646,col_647,col_648,col_649,col_650,col_651,col_652,col_653,col_654,col_655,col_656,col_657,col_658,col_659,col_660,col_661,col_662,col_663,col_664,col_665,col_666,col_667,col_668,col_669,col_670,col_671,col_672,col_673,col_674,col_675,col_676,col_677,col_678,col_679,col_680,col_681,col_682,col_683,col_684,col_685,col_686,col_687,col_688,col_689,col_690,col_691,col_692,col_693,col_694,col_695,col_696,col_697,col_698,col_699,col_700,col_701,col_702,col_703,col_704,col_705,col_706,col_707,col_708,col_709,col_710,col_711,col_712,col_713,col_714,col_715,col_716,col_717,col_718,col_719,col_720,col_721,col_722,col_723,col_724,col_725,col_726,col_727,col_728,col_729,col_730,col_731,col_732,col_733,col_734,col_735,col_736,col_737,col_738,col_739,col_740,col_741,col_742,col_743,col_744,col_745,col_746,col_747,col_748,col_749,col_750,col_751,col_752,col_753,col_754,col_755,col_756,col_757,col_758,col_759,col_760,col_761,col_762,col_763,col_764,col_765,col_766,col_767,col_768,col_769,col_770,col_771,col_772,col_773,col_774,col_775,col_776,col_777,col_778,col_779,col_780,col_781,col_782,col_783,col_784,col_785,col_786,col_787,col_788,col_789,col_790,col_791,col_792,col_793,col_794,col_795,col_796,col_797,col_798,col_799,col_800,col_801,col_802,col_803,col_804,col_805,col_806,col_807,col_808,col_809,col_810,col_811,col_812,col_813,col_814,col_815,col_816,col_817,col_818,col_819,col_820,col_821,col_822,col_823,col_824,col_825,col_826,col_827,col_828,col_829,col_830,col_831,col_832,col_833,col_834,col_835,col_836,col_837,col_838,col_839,col_840,col_841,col_842,col_843,col_844,col_845,col_846,col_847,col_848,col_849,col_850,col_851,col_852,col_853,col_854,col_855,col_856,col_857,col_858,col_859,col_860,col_861,col_862,col_863,col_864,col_865,col_866,col_867,col_868,col_869,col_870,col_871,col_872,col_873,col_874,col_875,col_876,col_877,col_878,col_879,col_880,col_881,col_882,col_883,col_884,col_885,col_886,col_887,col_888,col_889,col_890,col_891,col_892,col_893,col_894,col_895,col_896,col_897,col_898,col_899,col_900,col_901,col_902,col_903,col_904,col_905,col_906,col_907,col_908,col_909,col_910,col_911,col_912,col_913,col_914,col_915,col_916,col_917,col_918,col_919,col_920,col_921,col_922,col_923,col_924,col_925,col_926,col_927,col_928,col_929,col_930,col_931,col_932,col_933,col_934,col_935,col_936,col_937,col_938,col_939,col_940,col_941,col_942,col_943,col_944,col_945,col_946,col_947,col_948,col_949,col_950,col_951,col_952,col_953,col_954,col_955,col_956,col_957,col_958,col_959,col_960,col_961,col_962,col_963,col_964,col_965,col_966,col_967,col_968,col_969,col_970,col_971,col_972,col_973,col_974,col_975,col_976,col_977,col_978,col_979,col_980,col_981,col_982,col_983,col_984,col_985,col_986,col_987,col_988,col_989,col_990,col_991,col_992,col_993,col_994,col_995,col_996,col_997,col_998,col_999,col_1000,col_1001,col_1002,col_1003,col_1004,col_1005,col_1006,col_1007,col_1008,col_1009,col_1010,col_1011,col_1012,col_1013,col_1014,col_1015,col_1016,col_1017,col_1018,col_1019,col_1020,col_1021,col_1022,col_1023,col_1024,col_1025,col_1026,col_1027,col_1028,col_1029,col_1030,col_1031,col_1032,col_1033,col_1034,col_1035,col_1036,col_1037,col_1038,col_1039,col_1040,col_1041,col_1042,col_1043,col_1044,col_1045,col_1046,col_1047,col_1048,col_1049,col_1050,col_1051,col_1052,col_1053,col_1054,col_1055,col_1056,col_1057,col_1058,col_1059,col_1060,col_1061,col_1062,col_1063,col_1064,col_1065,col_1066,col_1067,col_1068,col_1069,col_1070,col_1071,col_1072,col_1073,col_1074,col_1075,col_1076,col_1077,col_1078,col_1079,col_1080,col_1081,col_1082,col_1083,col_1084,col_1085,col_1086,col_1087,col_1088,col_1089,col_1090,col_1091,col_1092,col_1093,col_1094,col_1095,col_1096,col_1097,col_1098,col_1099,col_1100,col_1101,col_1102,col_1103,col_1104,col_1105,col_1106,col_1107,col_1108,col_1109,col_1110,col_1111,col_1112,col_1113,col_1114,col_1115,col_1116,col_1117,col_1118,col_1119,col_1120,col_1121,col_1122,col_1123,col_1124,col_1125,col_1126,col_1127,col_1128,col_1129,col_1130,col_1131,col_1132,col_1133,col_1134,col_1135,col_1136,col_1137,col_1138,col_1139,col_1140,col_1141,col_1142,col_1143,col_1144,col_1145,col_1146,col_1147,col_1148,col_1149,col_1150,col_1151,col_1152,col_1153,col_1154,col_1155,col_1156,col_1157,col_1158,col_1159,col_1160,col_1161,col_1162,col_1163,col_1164,col_1165,col_1166,col_1167,col_1168,col_1169,col_1170,col_1171,col_1172,col_1173,col_1174,col_1175,col_1176,col_1177,col_1178,col_1179,col_1180,col_1181,col_1182,col_1183,col_1184,col_1185,col_1186,col_1187,col_1188,col_1189,col_1190,col_1191,col_1192,col_1193,col_1194,col_1195,col_1196,col_1197,col_1198,col_1199,col_1200,col_1201,col_1202,col_1203,col_1204,col_1205,col_1206,col_1207,col_1208,col_1209,col_1210,col_1211,col_1212,col_1213,col_1214,col_1215,col_1216,col_1217,col_1218,col_1219,col_1220,col_1221,col_1222,col_1223,col_1224,col_1225,col_1226,col_1227,col_1228,col_1229,col_1230,col_1231,col_1232,col_1233,col_1234,col_1235,col_1236,col_1237,col_1238,col_1239,col_1240,col_1241,col_1242,col_1243,col_1244,col_1245,col_1246,col_1247,col_1248,col_1249,col_1250,col_1251,col_1252,col_1253,col_1254,col_1255,col_1256,col_1257,col_1258,col_1259,col_1260,col_1261,col_1262,col_1263,col_1264,col_1265,col_1266,col_1267,col_1268,col_1269,col_1270,col_1271,col_1272,col_1273,col_1274,col_1275,col_1276,col_1277,col_1278,col_1279,col_1280,col_1281,col_1282,col_1283,col_1284,col_1285,col_1286,col_1287,col_1288,col_1289,col_1290,col_1291,col_1292,col_1293,col_1294,col_1295,col_1296,col_1297,col_1298,col_1299,col_1300,col_1301,col_1302,col_1303,col_1304,col_1305,col_1306,col_1307,col_1308,col_1309,col_1310,col_1311,col_1312,col_1313,col_1314,col_1315,col_1316,col_1317,col_1318,col_1319,col_1320,col_1321,col_1322,col_1323,col_1324,col_1325,col_1326,col_1327,col_1328,col_1329,col_1330,col_1331,col_1332,col_1333,col_1334,col_1335,col_1336,col_1337,col_1338,col_1339,col_1340,col_1341,col_1342,col_1343,col_1344,col_1345,col_1346,col_1347,col_1348,col_1349,col_1350,col_1351,col_1352,col_1353,col_1354,col_1355,col_1356,col_1357,col_1358,col_1359,col_1360,col_1361,col_1362,col_1363,col_1364,col_1365,col_1366,col_1367,col_1368,col_1369,col_1370,col_1371,col_1372,col_1373,col_1374,col_1375,col_1376,col_1377,col_1378,col_1379,col_1380,col_1381,col_1382,col_1383,col_1384,col_1385,col_1386,col_1387,col_1388,col_1389,col_1390,col_1391,col_1392,col_1393,col_1394,col_1395,col_1396,col_1397,col_1398,col_1399,col_1400,col_1401,col_1402,col_1403,col_1404,col_1405,col_1406,col_1407,col_1408,col_1409,col_1410,col_1411,col_1412,col_1413,col_1414,col_1415,col_1416,col_1417,col_1418,col_1419,col_1420,col_1421,col_1422,col_1423,col_1424,col_1425,col_1426,col_1427,col_1428,col_1429,col_1430,col_1431,col_1432,col_1433,col_1434,col_1435,col_1436,col_1437,col_1438,col_1439,col_1440,col_1441,col_1442,col_1443,col_1444,col_1445,col_1446,col_1447,col_1448,col_1449,col_1450,col_1451,col_1452,col_1453,col_1454,col_1455,col_1456,col_1457,col_1458,col_1459,col_1460,col_1461,col_1462,col_1463,col_1464,col_1465,col_1466,col_1467,col_1468,col_1469,col_1470,col_1471,col_1472,col_1473,col_1474,col_1475,col_1476,col_1477,col_1478,col_1479,col_1480,col_1481,col_1482,col_1483,col_1484,col_1485,col_1486,col_1487,col_1488,col_1489,col_1490,col_1491,col_1492,col_1493,col_1494,col_1495,col_1496,col_1497,col_1498,col_1499,col_1500,col_1501,col_1502,col_1503,col_1504,col_1505,col_1506,col_1507,col_1508,col_1509,col_1510,col_1511,col_1512,col_1513,col_1514,col_1515,col_1516,col_1517,col_1518,col_1519,col_1520,col_1521,col_1522,col_1523,col_1524,col_1525,col_1526,col_1527,col_1528,col_1529,col_1530,col_1531,col_1532,col_1533,col_1534,col_1535,col_1536,col_1537,col_1538,col_1539,col_1540,col_1541,col_1542,col_1543,col_1544,col_1545,col_1546,col_1547,col_1548,col_1549,col_1550,col_1551,col_1552,col_1553,col_1554,col_1555,col_1556,col_1557,col_1558,col_1559,col_1560,col_1561,col_1562,col_1563,col_1564,col_1565,col_1566,col_1567,col_1568,col_1569,col_1570,col_1571,col_1572,col_1573,col_1574,col_1575,col_1576,col_1577,col_1578,col_1579,col_1580,col_1581,col_1582,col_1583,col_1584,col_1585,col_1586,col_1587,col_1588,col_1589,col_1590,col_1591,col_1592,col_1593,col_1594,col_1595,col_1596,col_1597,col_1598,col_1599,col_1600,col_1601,col_1602,col_1603,col_1604,col_1605,col_1606,col_1607,col_1608,col_1609,col_1610,col_1611,col_1612,col_1613,col_1614,col_1615,col_1616,col_1617,col_1618,col_1619,col_1620,col_1621,col_1622,col_1623,col_1624,col_1625,col_1626,col_1627,col_1628,col_1629,col_1630,col_1631,col_1632,col_1633,col_1634,col_1635,col_1636,col_1637,col_1638,col_1639,col_1640,col_1641,col_1642,col_1643,col_1644,col_1645,col_1646,col_1647,col_1648,col_1649,col_1650,col_1651,col_1652,col_1653,col_1654,col_1655,col_1656,col_1657,col_1658,col_1659,col_1660,col_1661,col_1662,col_1663,col_1664,col_1665,col_1666,col_1667,col_1668,col_1669,col_1670,col_1671,col_1672,col_1673,col_1674,col_1675,col_1676,col_1677,col_1678,col_1679,col_1680,col_1681,col_1682,col_1683,col_1684,col_1685,col_1686,col_1687,col_1688,col_1689,col_1690,col_1691,col_1692,col_1693,col_1694,col_1695,col_1696,col_1697,col_1698,col_1699,col_1700,col_1701,col_1702,col_1703,col_1704,col_1705,col_1706,col_1707,col_1708,col_1709,col_1710,col_1711,col_1712,col_1713,col_1714,col_1715,col_1716,col_1717,col_1718,col_1719,col_1720,col_1721,col_1722,col_1723,col_1724,col_1725,col_1726,col_1727,col_1728,col_1729,col_1730,col_1731,col_1732,col_1733,col_1734,col_1735,col_1736,col_1737,col_1738,col_1739,col_1740,col_1741,col_1742,col_1743,col_1744,col_1745,col_1746,col_1747,col_1748,col_1749,col_1750,col_1751,col_1752,col_1753,col_1754,col_1755,col_1756,col_1757,col_1758,col_1759,col_1760,col_1761,col_1762,col_1763,col_1764,col_1765,col_1766,col_1767,col_1768,col_1769,col_1770,col_1771,col_1772,col_1773,col_1774,col_1775,col_1776,col_1777,col_1778,col_1779,col_1780,col_1781,col_1782,col_1783,col_1784,col_1785,col_1786,col_1787,col_1788,col_1789,col_1790,col_1791,col_1792,col_1793,col_1794,col_1795,col_1796,col_1797,col_1798,col_1799,col_1800,col_1801,col_1802,col_1803,col_1804,col_1805,col_1806,col_1807,col_1808,col_1809,col_1810,col_1811,col_1812,col_1813,col_1814,col_1815,col_1816,col_1817,col_1818,col_1819,col_1820,col_1821,col_1822,col_1823,col_1824,col_1825,col_1826,col_1827,col_1828,col_1829,col_1830,col_1831,col_1832,col_1833,col_1834,col_1835,col_1836,col_1837,col_1838,col_1839,col_1840,col_1841,col_1842,col_1843,col_1844,col_1845,col_1846,col_1847,col_1848,col_1849,col_1850,col_1851,col_1852,col_1853,col_1854,col_1855,col_1856,col_1857,col_1858,col_1859,col_1860,col_1861,col_1862,col_1863,col_1864,col_1865,col_1866,col_1867,col_1868,col_1869,col_1870,col_1871,col_1872,col_1873,col_1874,col_1875,col_1876,col_1877,col_1878,col_1879,col_1880,col_1881,col_1882,col_1883,col_1884,col_1885,col_1886,col_1887,col_1888,col_1889,col_1890,col_1891,col_1892,col_1893,col_1894,col_1895,col_1896,col_1897,col_1898,col_1899,col_1900,col_1901,col_1902,col_1903,col_1904,col_1905,col_1906,col_1907,col_1908,col_1909,col_1910,col_1911,col_1912,col_1913,col_1914,col_1915,col_1916,col_1917,col_1918,col_1919,col_1920,col_1921,col_1922,col_1923,col_1924,col_1925,col_1926,col_1927,col_1928,col_1929,col_1930,col_1931,col_1932,col_1933,col_1934,col_1935,col_1936,col_1937,col_1938,col_1939,col_1940,col_1941,col_1942,col_1943,col_1944,col_1945,col_1946,col_1947,col_1948,col_1949,col_1950,col_1951,col_1952,col_1953,col_1954,col_1955,col_1956,col_1957,col_1958,col_1959,col_1960,col_1961,col_1962,col_1963,col_1964,col_1965,col_1966,col_1967,col_1968,col_1969,col_1970,col_1971,col_1972,col_1973,col_1974,col_1975,col_1976,col_1977,col_1978,col_1979,col_1980,col_1981,col_1982,col_1983,col_1984,col_1985,col_1986,col_1987,col_1988,col_1989,col_1990,col_1991,col_1992,col_1993,col_1994,col_1995,col_1996,col_1997,col_1998,col_1999,col_2000,col_2001,col_2002,col_2003,col_2004,col_2005,col_2006,col_2007,col_2008,col_2009,col_2010,col_2011,col_2012,col_2013,col_2014,col_2015,col_2016,col_2017,col_2018,col_2019,col_2020,col_2021,col_2022,col_2023,col_2024,col_2025,col_2026,col_2027,col_2028,col_2029,col_2030,col_2031,col_2032,col_2033,col_2034,col_2035,col_2036,col_2037,col_2038,col_2039,col_2040,col_2041,col_2042,col_2043,col_2044,col_2045,col_2046,col_2047,col_2048,col_2049,col_2050,col_2051,col_2052,col_2053,col_2054,col_2055,col_2056,col_2057,col_2058,col_2059,col_2060,col_2061,col_2062,col_2063,col_2064,col_2065,col_2066,col_2067,col_2068,col_2069,col_2070,col_2071,col_2072,col_2073,col_2074,col_2075,col_2076,col_2077,col_2078,col_2079,col_2080,col_2081,col_2082,col_2083,col_2084,col_2085,col_2086,col_2087,col_2088,col_2089,col_2090,col_2091,col_2092,col_2093,col_2094,col_2095,col_2096,col_2097,col_2098,col_2099,col_2100,col_2101,col_2102,col_2103,col_2104,col_2105,col_2106,col_2107,col_2108,col_2109,col_2110,col_2111,col_2112,col_2113,col_2114,col_2115,col_2116,col_2117,col_2118,col_2119,col_2120,col_2121,col_2122,col_2123,col_2124,col_2125,col_2126,col_2127,col_2128,col_2129,col_2130,col_2131,col_2132,col_2133,col_2134,col_2135,col_2136,col_2137,col_2138,col_2139,col_2140,col_2141,col_2142,col_2143,col_2144,col_2145,col_2146,col_2147,col_2148,col_2149,col_2150,col_2151,col_2152,col_2153,col_2154,col_2155,col_2156,col_2157,col_2158,col_2159,col_2160,col_2161,col_2162,col_2163,col_2164,col_2165,col_2166,col_2167,col_2168,col_2169,col_2170,col_2171,col_2172,col_2173,col_2174,col_2175,col_2176,col_2177,col_2178,col_2179,col_2180,col_2181,col_2182,col_2183,col_2184,col_2185,col_2186,col_2187,col_2188,col_2189,col_2190,col_2191,col_2192,col_2193,col_2194,col_2195,col_2196,col_2197,col_2198,col_2199,col_2200,col_2201,col_2202,col_2203,col_2204,col_2205,col_2206,col_2207,col_2208,col_2209,col_2210,col_2211,col_2212,col_2213,col_2214,col_2215,col_2216,col_2217,col_2218,col_2219,col_2220,col_2221,col_2222,col_2223,col_2224,col_2225,col_2226,col_2227,col_2228,col_2229,col_2230,col_2231,col_2232,col_2233,col_2234,col_2235,col_2236,col_2237,col_2238,col_2239,col_2240,col_2241,col_2242,col_2243,col_2244,col_2245,col_2246,col_2247,col_2248,col_2249,col_2250,col_2251,col_2252,col_2253,col_2254,col_2255,col_2256,col_2257,col_2258,col_2259,col_2260,col_2261,col_2262,col_2263,col_2264,col_2265,col_2266,col_2267,col_2268,col_2269,col_2270,col_2271,col_2272,col_2273,col_2274,col_2275,col_2276,col_2277,col_2278,col_2279,col_2280,col_2281,col_2282,col_2283,col_2284,col_2285,col_2286,col_2287,col_2288,col_2289,col_2290,col_2291,col_2292,col_2293,col_2294,col_2295,col_2296,col_2297,col_2298,col_2299,col_2300,col_2301,col_2302,col_2303,col_2304,col_2305,col_2306,col_2307,col_2308,col_2309,col_2310,col_2311,col_2312,col_2313,col_2314,col_2315,col_2316,col_2317,col_2318,col_2319,col_2320,col_2321,col_2322,col_2323,col_2324,col_2325,col_2326,col_2327,col_2328,col_2329,col_2330,col_2331,col_2332,col_2333,col_2334,col_2335,col_2336,col_2337,col_2338,col_2339,col_2340,col_2341,col_2342,col_2343,col_2344,col_2345,col_2346,col_2347,col_2348,col_2349,col_2350,col_2351,col_2352,col_2353,col_2354,col_2355,col_2356,col_2357,col_2358,col_2359,col_2360,col_2361,col_2362,col_2363,col_2364,col_2365,col_2366,col_2367,col_2368,col_2369,col_2370,col_2371,col_2372,col_2373,col_2374,col_2375,col_2376,col_2377,col_2378,col_2379,col_2380,col_2381,col_2382,col_2383,col_2384,col_2385,col_2386,col_2387,col_2388,col_2389,col_2390,col_2391,col_2392,col_2393,col_2394,col_2395,col_2396,col_2397,col_2398,col_2399,col_2400,col_2401,col_2402,col_2403,col_2404,col_2405,col_2406,col_2407,col_2408,col_2409,col_2410,col_2411,col_2412,col_2413,col_2414,col_2415,col_2416,col_2417,col_2418,col_2419,col_2420,col_2421,col_2422,col_2423,col_2424,col_2425,col_2426,col_2427,col_2428,col_2429,col_2430,col_2431,col_2432,col_2433,col_2434,col_2435,col_2436,col_2437,col_2438,col_2439,col_2440,col_2441,col_2442,col_2443,col_2444,col_2445,col_2446,col_2447,col_2448,col_2449,col_2450,col_2451,col_2452,col_2453,col_2454,col_2455,col_2456,col_2457,col_2458,col_2459,col_2460,col_2461,col_2462,col_2463,col_2464,col_2465,col_2466,col_2467,col_2468,col_2469,col_2470,col_2471,col_2472,col_2473,col_2474,col_2475,col_2476,col_2477,col_2478,col_2479,col_2480,col_2481,col_2482,col_2483,col_2484,col_2485,col_2486,col_2487,col_2488,col_2489,col_2490,col_2491,col_2492,col_2493,col_2494,col_2495,col_2496,col_2497,col_2498,col_2499,col_2500,col_2501,col_2502,col_2503,col_2504,col_2505,col_2506,col_2507,col_2508,col_2509,col_2510,col_2511,col_2512,col_2513,col_2514,col_2515,col_2516,col_2517,col_2518,col_2519,col_2520,col_2521,col_2522,col_2523,col_2524,col_2525,col_2526,col_2527,col_2528,col_2529,col_2530,col_2531,col_2532,col_2533,col_2534,col_2535,col_2536,col_2537,col_2538,col_2539,col_2540,col_2541,col_2542,col_2543,col_2544,col_2545,col_2546,col_2547,col_2548,col_2549,col_2550,col_2551,col_2552,col_2553,col_2554,col_2555,col_2556,col_2557,col_2558,col_2559,col_2560,col_2561,col_2562,col_2563,col_2564,col_2565,col_2566,col_2567,col_2568,col_2569,col_2570,col_2571,col_2572,col_2573,col_2574,col_2575,col_2576,col_2577,col_2578,col_2579,col_2580,col_2581,col_2582,col_2583,col_2584,col_2585,col_2586,col_2587,col_2588,col_2589,col_2590,col_2591,col_2592,col_2593,col_2594,col_2595,col_2596,col_2597,col_2598,col_2599,col_2600,col_2601,col_2602,col_2603,col_2604,col_2605,col_2606,col_2607,col_2608,col_2609,col_2610,col_2611,col_2612,col_2613,col_2614,col_2615,col_2616,col_2617,col_2618,col_2619,col_2620,col_2621,col_2622,col_2623,col_2624,col_2625,col_2626,col_2627,col_2628,col_2629,col_2630,col_2631,col_2632,col_2633,col_2634,col_2635,col_2636,col_2637,col_2638,col_2639,col_2640,col_2641,col_2642,col_2643,col_2644,col_2645,col_2646,col_2647,col_2648,col_2649,col_2650,col_2651,col_2652,col_2653,col_2654,col_2655,col_2656,col_2657,col_2658,col_2659,col_2660,col_2661,col_2662,col_2663,col_2664,col_2665,col_2666,col_2667,col_2668,col_2669,col_2670,col_2671,col_2672,col_2673,col_2674,col_2675,col_2676,col_2677,col_2678,col_2679,col_2680,col_2681,col_2682,col_2683,col_2684,col_2685,col_2686,col_2687,col_2688,col_2689,col_2690,col_2691,col_2692,col_2693,col_2694,col_2695,col_2696,col_2697,col_2698,col_2699,col_2700,col_2701,col_2702,col_2703,col_2704,col_2705,col_2706,col_2707,col_2708,col_2709,col_2710,col_2711,col_2712,col_2713,col_2714,col_2715,col_2716,col_2717,col_2718,col_2719,col_2720,col_2721,col_2722,col_2723,col_2724,col_2725,col_2726,col_2727,col_2728,col_2729,col_2730,col_2731,col_2732,col_2733,col_2734,col_2735,col_2736,col_2737,col_2738,col_2739,col_2740,col_2741,col_2742,col_2743,col_2744,col_2745,col_2746,col_2747,col_2748,col_2749,col_2750,col_2751,col_2752,col_2753,col_2754,col_2755,col_2756,col_2757,col_2758,col_2759,col_2760,col_2761,col_2762,col_2763,col_2764,col_2765,col_2766,col_2767,col_2768,col_2769,col_2770,col_2771,col_2772,col_2773,col_2774,col_2775,col_2776,col_2777,col_2778,col_2779,col_2780,col_2781,col_2782,col_2783,col_2784,col_2785,col_2786,col_2787,col_2788,col_2789,col_2790,col_2791,col_2792,col_2793,col_2794,col_2795,col_2796,col_2797,col_2798,col_2799,col_2800,col_2801,col_2802,col_2803,col_2804,col_2805,col_2806,col_2807,col_2808,col_2809,col_2810,col_2811,col_2812,col_2813,col_2814,col_2815,col_2816,col_2817,col_2818,col_2819,col_2820,col_2821,col_2822,col_2823,col_2824,col_2825,col_2826,col_2827,col_2828,col_2829,col_2830,col_2831,col_2832,col_2833,col_2834,col_2835,col_2836,col_2837,col_2838,col_2839,col_2840,col_2841,col_2842,col_2843,col_2844,col_2845,col_2846,col_2847,col_2848,col_2849,col_2850,col_2851,col_2852,col_2853,col_2854,col_2855,col_2856,col_2857,col_2858,col_2859,col_2860,col_2861,col_2862,col_2863,col_2864,col_2865,col_2866,col_2867,col_2868,col_2869,col_2870,col_2871,col_2872,col_2873,col_2874,col_2875,col_2876,col_2877,col_2878,col_2879,col_2880,col_2881,col_2882,col_2883,col_2884,col_2885,col_2886,col_2887,col_2888,col_2889,col_2890,col_2891,col_2892,col_2893,col_2894,col_2895,col_2896,col_2897,col_2898,col_2899,col_2900,col_2901,col_2902,col_2903,col_2904,col_2905,col_2906,col_2907,col_2908,col_2909,col_2910,col_2911,col_2912,col_2913,col_2914,col_2915,col_2916,col_2917,col_2918,col_2919,col_2920,col_2921,col_2922,col_2923,col_2924,col_2925,col_2926,col_2927,col_2928,col_2929,col_2930,col_2931,col_2932,col_2933,col_2934,col_2935,col_2936,col_2937,col_2938,col_2939,col_2940,col_2941,col_2942,col_2943,col_2944,col_2945,col_2946,col_2947,col_2948,col_2949,col_2950,col_2951,col_2952,col_2953,col_2954,col_2955,col_2956,col_2957,col_2958,col_2959,col_2960,col_2961,col_2962,col_2963,col_2964,col_2965,col_2966,col_2967,col_2968,col_2969,col_2970,col_2971,col_2972,col_2973,col_2974,col_2975,col_2976,col_2977,col_2978,col_2979,col_2980,col_2981,col_2982,col_2983,col_2984,col_2985,col_2986,col_2987,col_2988,col_2989,col_2990,col_2991,col_2992,col_2993,col_2994,col_2995,col_2996,col_2997,col_2998,col_2999,col_3000,col_3001,col_3002,col_3003,col_3004,col_3005,col_3006,col_3007,col_3008,col_3009,col_3010,col_3011,col_3012,col_3013,col_3014,col_3015,col_3016,col_3017,col_3018,col_3019,col_3020,col_3021,col_3022,col_3023,col_3024,col_3025,col_3026,col_3027,col_3028,col_3029,col_3030,col_3031,col_3032,col_3033,col_3034,col_3035,col_3036,col_3037,col_3038,col_3039,col_3040,col_3041,col_3042,col_3043,col_3044,col_3045,col_3046,col_3047,col_3048,col_3049,col_3050,col_3051,col_3052,col_3053,col_3054,col_3055,col_3056,col_3057,col_3058,col_3059,col_3060,col_3061,col_3062,col_3063,col_3064,col_3065,col_3066,col_3067,col_3068,col_3069,col_3070,col_3071,col_3072,col_3073,col_3074,col_3075,col_3076,col_3077,col_3078,col_3079,col_3080,col_3081,col_3082,col_3083,col_3084,col_3085,col_3086,col_3087,col_3088,col_3089,col_3090,col_3091,col_3092,col_3093,col_3094,col_3095,col_3096,col_3097,col_3098,col_3099,col_3100,col_3101,col_3102,col_3103,col_3104,col_3105,col_3106,col_3107,col_3108,col_3109,col_3110,col_3111,col_3112,col_3113,col_3114,col_3115,col_3116,col_3117,col_3118,col_3119,col_3120,col_3121,col_3122,col_3123,col_3124,col_3125,col_3126,col_3127,col_3128,col_3129,col_3130,col_3131,col_3132,col_3133,col_3134,col_3135,col_3136,col_3137,col_3138,col_3139,col_3140,col_3141,col_3142,col_3143,col_3144,col_3145,col_3146,col_3147,col_3148,col_3149,col_3150,col_3151,col_3152,col_3153,col_3154,col_3155,col_3156,col_3157,col_3158,col_3159,col_3160,col_3161,col_3162,col_3163,col_3164,col_3165,col_3166,col_3167,col_3168,col_3169,col_3170,col_3171,col_3172,col_3173,col_3174,col_3175,col_3176,col_3177,col_3178,col_3179,col_3180,col_3181,col_3182,col_3183,col_3184,col_3185,col_3186,col_3187,col_3188,col_3189,col_3190,col_3191,col_3192,col_3193,col_3194,col_3195,col_3196,col_3197,col_3198,col_3199,col_3200,col_3201,col_3202,col_3203,col_3204,col_3205,col_3206,col_3207,col_3208,col_3209,col_3210,col_3211,col_3212,col_3213,col_3214,col_3215,col_3216,col_3217,col_3218,col_3219,col_3220,col_3221,col_3222,col_3223,col_3224,col_3225,col_3226,col_3227,col_3228,col_3229,col_3230,col_3231,col_3232,col_3233,col_3234,col_3235,col_3236,col_3237,col_3238,col_3239,col_3240,col_3241,col_3242,col_3243,col_3244,col_3245,col_3246,col_3247,col_3248,col_3249,col_3250,col_3251,col_3252,col_3253,col_3254,col_3255,col_3256,col_3257,col_3258,col_3259,col_3260,col_3261,col_3262,col_3263,col_3264,col_3265,col_3266,col_3267,col_3268,col_3269,col_3270,col_3271,col_3272,col_3273,col_3274,col_3275,col_3276,col_3277,col_3278,col_3279,col_3280,col_3281,col_3282,col_3283,col_3284,col_3285,col_3286,col_3287,col_3288,col_3289,col_3290,col_3291,col_3292,col_3293,col_3294,col_3295,col_3296,col_3297,col_3298,col_3299,col_3300,col_3301,col_3302,col_3303,col_3304,col_3305,col_3306,col_3307,col_3308,col_3309,col_3310,col_3311,col_3312,col_3313,col_3314,col_3315,col_3316,col_3317,col_3318,col_3319,col_3320,col_3321,col_3322,col_3323,col_3324,col_3325,col_3326,col_3327,col_3328,col_3329,col_3330,col_3331,col_3332,col_3333,col_3334,col_3335,col_3336,col_3337,col_3338,col_3339,col_3340,col_3341,col_3342,col_3343,col_3344,col_3345,col_3346,col_3347,col_3348,col_3349,col_3350,col_3351,col_3352,col_3353,col_3354,col_3355,col_3356,col_3357,col_3358,col_3359,col_3360,col_3361,col_3362,col_3363,col_3364,col_3365,col_3366,col_3367,col_3368,col_3369,col_3370,col_3371,col_3372,col_3373,col_3374,col_3375,col_3376,col_3377,col_3378,col_3379,col_3380,col_3381,col_3382,col_3383,col_3384,col_3385,col_3386,col_3387,col_3388,col_3389,col_3390,col_3391,col_3392,col_3393,col_3394,col_3395,col_3396,col_3397,col_3398,col_3399,col_3400,col_3401,col_3402,col_3403,col_3404,col_3405,col_3406,col_3407,col_3408,col_3409,col_3410,col_3411,col_3412,col_3413,col_3414,col_3415,col_3416,col_3417,col_3418,col_3419,col_3420,col_3421,col_3422,col_3423,col_3424,col_3425,col_3426,col_3427,col_3428,col_3429,col_3430,col_3431,col_3432,col_3433,col_3434,col_3435,col_3436,col_3437,col_3438,col_3439,col_3440,col_3441,col_3442,col_3443,col_3444,col_3445,col_3446,col_3447,col_3448,col_3449,col_3450,col_3451,col_3452,col_3453,col_3454,col_3455,col_3456,col_3457,col_3458,col_3459,col_3460,col_3461,col_3462,col_3463,col_3464,col_3465,col_3466,col_3467,col_3468,col_3469,col_3470,col_3471,col_3472,col_3473,col_3474,col_3475,col_3476,col_3477,col_3478,col_3479,col_3480,col_3481,col_3482,col_3483,col_3484,col_3485,col_3486,col_3487,col_3488,col_3489,col_3490,col_3491,col_3492,col_3493,col_3494,col_3495,col_3496,col_3497,col_3498,col_3499,col_3500,col_3501,col_3502,col_3503,col_3504,col_3505,col_3506,col_3507,col_3508,col_3509,col_3510,col_3511,col_3512,col_3513,col_3514,col_3515,col_3516,col_3517,col_3518,col_3519,col_3520,col_3521,col_3522,col_3523,col_3524,col_3525,col_3526,col_3527,col_3528,col_3529,col_3530,col_3531,col_3532,col_3533,col_3534,col_3535,col_3536,col_3537,col_3538,col_3539,col_3540,col_3541,col_3542,col_3543,col_3544,col_3545,col_3546,col_3547,col_3548,col_3549,col_3550,col_3551,col_3552,col_3553,col_3554,col_3555,col_3556,col_3557,col_3558,col_3559,col_3560,col_3561,col_3562,col_3563,col_3564,col_3565,col_3566,col_3567,col_3568,col_3569,col_3570,col_3571,col_3572,col_3573,col_3574,col_3575,col_3576,col_3577,col_3578,col_3579,col_3580,col_3581,col_3582,col_3583,col_3584,col_3585,col_3586,col_3587,col_3588,col_3589,col_3590,col_3591,col_3592,col_3593,col_3594,col_3595,col_3596,col_3597,col_3598,col_3599,col_3600,col_3601,col_3602,col_3603,col_3604,col_3605,col_3606,col_3607,col_3608,col_3609,col_3610,col_3611,col_3612,col_3613,col_3614,col_3615,col_3616,col_3617,col_3618,col_3619,col_3620,col_3621,col_3622,col_3623,col_3624,col_3625,col_3626,col_3627,col_3628,col_3629,col_3630,col_3631,col_3632,col_3633,col_3634,col_3635,col_3636,col_3637,col_3638,col_3639,col_3640,col_3641,col_3642,col_3643,col_3644,col_3645,col_3646,col_3647,col_3648,col_3649,col_3650,col_3651,col_3652,col_3653,col_3654,col_3655,col_3656,col_3657,col_3658,col_3659,col_3660,col_3661,col_3662,col_3663,col_3664,col_3665,col_3666,col_3667,col_3668,col_3669,col_3670,col_3671,col_3672,col_3673,col_3674,col_3675,col_3676,col_3677,col_3678,col_3679,col_3680,col_3681,col_3682,col_3683,col_3684,col_3685,col_3686,col_3687,col_3688,col_3689,col_3690,col_3691,col_3692,col_3693,col_3694,col_3695,col_3696,col_3697,col_3698,col_3699,col_3700,col_3701,col_3702,col_3703,col_3704,col_3705,col_3706,col_3707,col_3708,col_3709,col_3710,col_3711,col_3712,col_3713,col_3714,col_3715,col_3716,col_3717,col_3718,col_3719,col_3720,col_3721,col_3722,col_3723,col_3724,col_3725,col_3726,col_3727,col_3728,col_3729,col_3730,col_3731,col_3732,col_3733,col_3734,col_3735,col_3736,col_3737,col_3738,col_3739,col_3740,col_3741,col_3742,col_3743,col_3744,col_3745,col_3746,col_3747,col_3748,col_3749,col_3750,col_3751,col_3752,col_3753,col_3754,col_3755,col_3756,col_3757,col_3758,col_3759,col_3760,col_3761,col_3762,col_3763,col_3764,col_3765,col_3766,col_3767,col_3768,col_3769,col_3770,col_3771,col_3772,col_3773,col_3774,col_3775,col_3776,col_3777,col_3778,col_3779,col_3780,col_3781,col_3782,col_3783,col_3784,col_3785,col_3786,col_3787,col_3788,col_3789,col_3790,col_3791,col_3792,col_3793,col_3794,col_3795,col_3796,col_3797,col_3798,col_3799,col_3800,col_3801,col_3802,col_3803,col_3804,col_3805,col_3806,col_3807,col_3808,col_3809,col_3810,col_3811,col_3812,col_3813,col_3814,col_3815,col_3816,col_3817,col_3818,col_3819,col_3820,col_3821,col_3822,col_3823,col_3824,col_3825,col_3826,col_3827,col_3828,col_3829,col_3830,col_3831,col_3832,col_3833,col_3834,col_3835,col_3836,col_3837,col_3838,col_3839,col_3840,col_3841,col_3842,col_3843,col_3844,col_3845,col_3846,col_3847,col_3848,col_3849,col_3850,col_3851,col_3852,col_3853,col_3854,col_3855,col_3856,col_3857,col_3858,col_3859,col_3860,col_3861,col_3862,col_3863,col_3864,col_3865,col_3866,col_3867,col_3868,col_3869,col_3870,col_3871,col_3872,col_3873,col_3874,col_3875,col_3876,col_3877,col_3878,col_3879,col_3880,col_3881,col_3882,col_3883,col_3884,col_3885,col_3886,col_3887,col_3888,col_3889,col_3890,col_3891,col_3892,col_3893,col_3894,col_3895,col_3896,col_3897,col_3898,col_3899,col_3900,col_3901,col_3902,col_3903,col_3904,col_3905,col_3906,col_3907,col_3908,col_3909,col_3910,col_3911,col_3912,col_3913,col_3914,col_3915,col_3916,col_3917,col_3918,col_3919,col_3920,col_3921,col_3922,col_3923,col_3924,col_3925,col_3926,col_3927,col_3928,col_3929,col_3930,col_3931,col_3932,col_3933,col_3934,col_3935,col_3936,col_3937,col_3938,col_3939,col_3940,col_3941,col_3942,col_3943,col_3944,col_3945,col_3946,col_3947,col_3948,col_3949,col_3950,col_3951,col_3952,col_3953,col_3954,col_3955,col_3956,col_3957,col_3958,col_3959,col_3960,col_3961,col_3962,col_3963,col_3964,col_3965,col_3966,col_3967,col_3968,col_3969,col_3970,col_3971,col_3972,col_3973,col_3974,col_3975,col_3976,col_3977,col_3978,col_3979,col_3980,col_3981,col_3982,col_3983,col_3984,col_3985,col_3986,col_3987,col_3988,col_3989,col_3990,col_3991,col_3992,col_3993,col_3994,col_3995,col_3996,col_3997,col_3998,col_3999,col_4000,col_4001,col_4002,col_4003,col_4004,col_4005,col_4006,col_4007,col_4008,col_4009,col_4010,col_4011,col_4012,col_4013,col_4014,col_4015,col_4016,col_4017,col_4018,col_4019,col_4020,col_4021,col_4022,col_4023,col_4024,col_4025,col_4026,col_4027,col_4028,col_4029,col_4030,col_4031,col_4032,col_4033,col_4034,col_4035,col_4036,col_4037,col_4038,col_4039,col_4040,col_4041,col_4042,col_4043,col_4044,col_4045,col_4046,col_4047,col_4048,col_4049,col_4050,col_4051,col_4052,col_4053,col_4054,col_4055,col_4056,col_4057,col_4058,col_4059,col_4060,col_4061,col_4062,col_4063,col_4064,col_4065,col_4066,col_4067,col_4068,col_4069,col_4070,col_4071,col_4072,col_4073,col_4074,col_4075,col_4076,col_4077,col_4078,col_4079,col_4080,col_4081,col_4082,col_4083,col_4084,col_4085,col_4086,col_4087,col_4088,col_4089,col_4090,col_4091,col_4092,col_4093,col_4094,col_4095,col_4096,col_4097,col_4098,col_4099,col_4100,col_4101,col_4102,col_4103,col_4104,col_4105,col_4106,col_4107,col_4108,col_4109,col_4110,col_4111,col_4112,col_4113,col_4114,col_4115,col_4116,col_4117,col_4118,col_4119,col_4120,col_4121,col_4122,col_4123,col_4124,col_4125,col_4126,col_4127,col_4128,col_4129,col_4130,col_4131,col_4132,col_4133,col_4134,col_4135,col_4136,col_4137,col_4138,col_4139,col_4140,col_4141,col_4142,col_4143,col_4144,col_4145,col_4146,col_4147,col_4148,col_4149,col_4150,col_4151,col_4152,col_4153,col_4154,col_4155,col_4156,col_4157,col_4158,col_4159,col_4160,col_4161,col_4162,col_4163,col_4164,col_4165,col_4166,col_4167,col_4168,col_4169,col_4170,col_4171,col_4172,col_4173,col_4174,col_4175,col_4176,col_4177,col_4178,col_4179,col_4180,col_4181,col_4182,col_4183,col_4184,col_4185,col_4186,col_4187,col_4188,col_4189,col_4190,col_4191,col_4192,col_4193,col_4194,col_4195,col_4196,col_4197,col_4198,col_4199,col_4200,col_4201,col_4202,col_4203,col_4204,col_4205,col_4206,col_4207,col_4208,col_4209,col_4210,col_4211,col_4212,col_4213,col_4214,col_4215,col_4216,col_4217,col_4218,col_4219,col_4220,col_4221,col_4222,col_4223,col_4224,col_4225,col_4226,col_4227,col_4228,col_4229,col_4230,col_4231,col_4232,col_4233,col_4234,col_4235,col_4236,col_4237,col_4238,col_4239,col_4240,col_4241,col_4242,col_4243,col_4244,col_4245,col_4246,col_4247,col_4248,col_4249,col_4250,col_4251,col_4252,col_4253,col_4254,col_4255,col_4256,col_4257,col_4258,col_4259,col_4260,col_4261,col_4262,col_4263,col_4264,col_4265,col_4266,col_4267,col_4268,col_4269,col_4270,col_4271,col_4272,col_4273,col_4274,col_4275,col_4276,col_4277,col_4278,col_4279,col_4280,col_4281,col_4282,col_4283,col_4284,col_4285,col_4286,col_4287,col_4288,col_4289,col_4290,col_4291,col_4292,col_4293,col_4294,col_4295,col_4296,col_4297,col_4298,col_4299,col_4300,col_4301,col_4302,col_4303,col_4304,col_4305,col_4306,col_4307,col_4308,col_4309,col_4310,col_4311,col_4312,col_4313,col_4314,col_4315,col_4316,col_4317,col_4318,col_4319,col_4320,col_4321,col_4322,col_4323,col_4324,col_4325,col_4326,col_4327,col_4328,col_4329,col_4330,col_4331,col_4332,col_4333,col_4334,col_4335,col_4336,col_4337,col_4338,col_4339,col_4340,col_4341,col_4342,col_4343,col_4344,col_4345,col_4346,col_4347,col_4348,col_4349,col_4350,col_4351,col_4352,col_4353,col_4354,col_4355,col_4356,col_4357,col_4358,col_4359,col_4360,col_4361,col_4362,col_4363,col_4364,col_4365,col_4366,col_4367,col_4368,col_4369,col_4370,col_4371,col_4372,col_4373,col_4374,col_4375,col_4376,col_4377,col_4378,col_4379,col_4380,col_4381,col_4382,col_4383,col_4384,col_4385,col_4386,col_4387,col_4388,col_4389,col_4390,col_4391,col_4392,col_4393,col_4394,col_4395,col_4396,col_4397,col_4398,col_4399,col_4400,col_4401,col_4402,col_4403,col_4404,col_4405,col_4406,col_4407,col_4408,col_4409,col_4410,col_4411,col_4412,col_4413,col_4414,col_4415,col_4416,col_4417,col_4418,col_4419,col_4420,col_4421,col_4422,col_4423,col_4424,col_4425,col_4426,col_4427,col_4428,col_4429,col_4430,col_4431,col_4432,col_4433,col_4434,col_4435,col_4436,col_4437,col_4438,col_4439,col_4440,col_4441,col_4442,col_4443,col_4444,col_4445,col_4446,col_4447,col_4448,col_4449,col_4450,col_4451,col_4452,col_4453,col_4454,col_4455,col_4456,col_4457,col_4458,col_4459,col_4460,col_4461,col_4462,col_4463,col_4464,col_4465,col_4466,col_4467,col_4468,col_4469,col_4470,col_4471,col_4472,col_4473,col_4474,col_4475,col_4476,col_4477,col_4478,col_4479,col_4480,col_4481,col_4482,col_4483,col_4484,col_4485,col_4486,col_4487,col_4488,col_4489,col_4490,col_4491,col_4492,col_4493,col_4494,col_4495,col_4496,col_4497,col_4498,col_4499,col_4500,col_4501,col_4502,col_4503,col_4504,col_4505,col_4506,col_4507,col_4508,col_4509,col_4510,col_4511,col_4512,col_4513,col_4514,col_4515,col_4516,col_4517,col_4518,col_4519,col_4520,col_4521,col_4522,col_4523,col_4524,col_4525,col_4526,col_4527,col_4528,col_4529,col_4530,col_4531,col_4532,col_4533,col_4534,col_4535,col_4536,col_4537,col_4538,col_4539,col_4540,col_4541,col_4542,col_4543,col_4544,col_4545,col_4546,col_4547,col_4548,col_4549,col_4550,col_4551,col_4552,col_4553,col_4554,col_4555,col_4556,col_4557,col_4558,col_4559,col_4560,col_4561,col_4562,col_4563,col_4564,col_4565,col_4566,col_4567,col_4568,col_4569,col_4570,col_4571,col_4572,col_4573,col_4574,col_4575,col_4576,col_4577,col_4578,col_4579,col_4580,col_4581,col_4582,col_4583,col_4584,col_4585,col_4586,col_4587,col_4588,col_4589,col_4590,col_4591,col_4592,col_4593,col_4594,col_4595,col_4596,col_4597,col_4598,col_4599,col_4600,col_4601,col_4602,col_4603,col_4604,col_4605,col_4606,col_4607,col_4608,col_4609,col_4610,col_4611,col_4612,col_4613,col_4614,col_4615,col_4616,col_4617,col_4618,col_4619,col_4620,col_4621,col_4622,col_4623,col_4624,col_4625,col_4626,col_4627,col_4628,col_4629,col_4630,col_4631,col_4632,col_4633,col_4634,col_4635,col_4636,col_4637,col_4638,col_4639,col_4640,col_4641,col_4642,col_4643,col_4644,col_4645,col_4646,col_4647,col_4648,col_4649,col_4650,col_4651,col_4652,col_4653,col_4654,col_4655,col_4656,col_4657,col_4658,col_4659,col_4660,col_4661,col_4662,col_4663,col_4664,col_4665,col_4666,col_4667,col_4668,col_4669,col_4670,col_4671,col_4672,col_4673,col_4674,col_4675,col_4676,col_4677,col_4678,col_4679,col_4680,col_4681,col_4682,col_4683,col_4684,col_4685,col_4686,col_4687,col_4688,col_4689,col_4690,col_4691,col_4692,col_4693,col_4694,col_4695,col_4696,col_4697,col_4698,col_4699,col_4700,col_4701,col_4702,col_4703,col_4704,col_4705,col_4706,col_4707,col_4708,col_4709,col_4710,col_4711,col_4712,col_4713,col_4714,col_4715,col_4716,col_4717,col_4718,col_4719,col_4720,col_4721,col_4722,col_4723,col_4724,col_4725,col_4726,col_4727,col_4728,col_4729,col_4730,col_4731,col_4732,col_4733,col_4734,col_4735,col_4736,col_4737,col_4738,col_4739,col_4740,col_4741,col_4742,col_4743,col_4744,col_4745,col_4746,col_4747,col_4748,col_4749,col_4750,col_4751,col_4752,col_4753,col_4754,col_4755,col_4756,col_4757,col_4758,col_4759,col_4760,col_4761,col_4762,col_4763,col_4764,col_4765,col_4766,col_4767,col_4768,col_4769,col_4770,col_4771,col_4772,col_4773,col_4774,col_4775,col_4776,col_4777,col_4778,col_4779,col_4780,col_4781,col_4782,col_4783,col_4784,col_4785,col_4786,col_4787,col_4788,col_4789,col_4790,col_4791,col_4792,col_4793,col_4794,col_4795,col_4796,col_4797,col_4798,col_4799,col_4800,col_4801,col_4802,col_4803,col_4804,col_4805,col_4806,col_4807,col_4808,col_4809,col_4810,col_4811,col_4812,col_4813,col_4814,col_4815,col_4816,col_4817,col_4818,col_4819,col_4820,col_4821,col_4822,col_4823,col_4824,col_4825,col_4826,col_4827,col_4828,col_4829,col_4830,col_4831,col_4832,col_4833,col_4834,col_4835,col_4836,col_4837,col_4838,col_4839,col_4840,col_4841,col_4842,col_4843,col_4844,col_4845,col_4846,col_4847,col_4848,col_4849,col_4850,col_4851,col_4852,col_4853,col_4854,col_4855,col_4856,col_4857,col_4858,col_4859,col_4860,col_4861,col_4862,col_4863,col_4864,col_4865,col_4866,col_4867,col_4868,col_4869,col_4870,col_4871,col_4872,col_4873,col_4874,col_4875,col_4876,col_4877,col_4878,col_4879,col_4880,col_4881,col_4882,col_4883,col_4884,col_4885,col_4886,col_4887,col_4888,col_4889,col_4890,col_4891,col_4892,col_4893,col_4894,col_4895,col_4896,col_4897,col_4898,col_4899,col_4900,col_4901,col_4902,col_4903,col_4904,col_4905,col_4906,col_4907,col_4908,col_4909,col_4910,col_4911,col_4912,col_4913,col_4914,col_4915,col_4916,col_4917,col_4918,col_4919,col_4920,col_4921,col_4922,col_4923,col_4924,col_4925,col_4926,col_4927,col_4928,col_4929,col_4930,col_4931,col_4932,col_4933,col_4934,col_4935,col_4936,col_4937,col_4938,col_4939,col_4940,col_4941,col_4942,col_4943,col_4944,col_4945,col_4946,col_4947,col_4948,col_4949,col_4950,col_4951,col_4952,col_4953,col_4954,col_4955,col_4956,col_4957,col_4958,col_4959,col_4960,col_4961,col_4962,col_4963,col_4964,col_4965,col_4966,col_4967,col_4968,col_4969,col_4970,col_4971,col_4972,col_4973,col_4974,col_4975,col_4976,col_4977,col_4978,col_4979,col_4980,col_4981,col_4982,col_4983,col_4984,col_4985,col_4986,col_4987,col_4988,col_4989,col_4990,col_4991,col_4992,col_4993,col_4994,col_4995,col_4996,col_4997,col_4998,col_4999,col_5000,col_5001,col_5002,col_5003,col_5004,col_5005,col_5006,col_5007,col_5008,col_5009,col_5010,col_5011,col_5012,col_5013,col_5014,col_5015,col_5016,col_5017,col_5018,col_5019,col_5020,col_5021,col_5022,col_5023,col_5024,col_5025,col_5026,col_5027,col_5028,col_5029,col_5030,col_5031,col_5032,col_5033,col_5034,col_5035,col_5036,col_5037,col_5038,col_5039,col_5040,col_5041,col_5042,col_5043,col_5044,col_5045,col_5046,col_5047,col_5048,col_5049,col_5050,col_5051,col_5052,col_5053,col_5054,col_5055,col_5056,col_5057,col_5058,col_5059,col_5060,col_5061,col_5062,col_5063,col_5064,col_5065,col_5066,col_5067,col_5068,col_5069,col_5070,col_5071,col_5072,col_5073,col_5074,col_5075,col_5076,col_5077,col_5078,col_5079,col_5080,col_5081,col_5082,col_5083,col_5084,col_5085,col_5086,col_5087,col_5088,col_5089,col_5090,col_5091,col_5092,col_5093,col_5094,col_5095,col_5096,col_5097,col_5098,col_5099,col_5100,col_5101,col_5102,col_5103,col_5104,col_5105,col_5106,col_5107,col_5108,col_5109,col_5110,col_5111,col_5112,col_5113,col_5114,col_5115,col_5116,col_5117,col_5118,col_5119,col_5120,col_5121,col_5122,col_5123,col_5124,col_5125,col_5126,col_5127,col_5128,col_5129,col_5130,col_5131,col_5132,col_5133,col_5134,col_5135,col_5136,col_5137,col_5138,col_5139,col_5140,col_5141,col_5142,col_5143,col_5144,col_5145,col_5146,col_5147,col_5148,col_5149,col_5150,col_5151,col_5152,col_5153,col_5154,col_5155,col_5156,col_5157,col_5158,col_5159,col_5160,col_5161,col_5162,col_5163,col_5164,col_5165,col_5166,col_5167,col_5168,col_5169,col_5170,col_5171,col_5172,col_5173,col_5174,col_5175,col_5176,col_5177,col_5178,col_5179,col_5180,col_5181,col_5182,col_5183,col_5184,col_5185,col_5186,col_5187,col_5188,col_5189,col_5190,col_5191,col_5192,col_5193,col_5194,col_5195,col_5196,col_5197,col_5198,col_5199,col_5200,col_5201,col_5202,col_5203,col_5204,col_5205,col_5206,col_5207,col_5208,col_5209,col_5210,col_5211,col_5212,col_5213,col_5214,col_5215,col_5216,col_5217,col_5218,col_5219,col_5220,col_5221,col_5222,col_5223,col_5224,col_5225,col_5226,col_5227,col_5228,col_5229,col_5230,col_5231,col_5232,col_5233,col_5234,col_5235,col_5236,col_5237,col_5238,col_5239,col_5240,col_5241,col_5242,col_5243,col_5244,col_5245,col_5246,col_5247,col_5248,col_5249,col_5250,col_5251,col_5252,col_5253,col_5254,col_5255,col_5256,col_5257,col_5258,col_5259,col_5260,col_5261,col_5262,col_5263,col_5264,col_5265,col_5266,col_5267,col_5268,col_5269,col_5270,col_5271,col_5272,col_5273,col_5274,col_5275,col_5276,col_5277,col_5278,col_5279,col_5280,col_5281,col_5282,col_5283,col_5284,col_5285,col_5286,col_5287,col_5288,col_5289,col_5290,col_5291,col_5292,col_5293,col_5294,col_5295,col_5296,col_5297,col_5298,col_5299,col_5300,col_5301,col_5302,col_5303,col_5304,col_5305,col_5306,col_5307,col_5308,col_5309,col_5310,col_5311,col_5312,col_5313,col_5314,col_5315,col_5316,col_5317,col_5318,col_5319,col_5320,col_5321,col_5322,col_5323,col_5324,col_5325,col_5326,col_5327,col_5328,col_5329,col_5330,col_5331,col_5332,col_5333,col_5334,col_5335,col_5336,col_5337,col_5338,col_5339,col_5340,col_5341,col_5342,col_5343,col_5344,col_5345,col_5346,col_5347,col_5348,col_5349,col_5350,col_5351,col_5352,col_5353,col_5354,col_5355,col_5356,col_5357,col_5358,col_5359,col_5360,col_5361,col_5362,col_5363,col_5364,col_5365,col_5366,col_5367,col_5368,col_5369,col_5370,col_5371,col_5372,col_5373,col_5374,col_5375,col_5376,col_5377,col_5378,col_5379,col_5380,col_5381,col_5382,col_5383,col_5384,col_5385,col_5386,col_5387,col_5388,col_5389,col_5390,col_5391,col_5392,col_5393,col_5394,col_5395,col_5396,col_5397,col_5398,col_5399,col_5400,col_5401,col_5402,col_5403,col_5404,col_5405,col_5406,col_5407,col_5408,col_5409,col_5410,col_5411,col_5412,col_5413,col_5414,col_5415,col_5416,col_5417,col_5418,col_5419,col_5420,col_5421,col_5422,col_5423,col_5424,col_5425,col_5426,col_5427,col_5428,col_5429,col_5430,col_5431,col_5432,col_5433,col_5434,col_5435,col_5436,col_5437,col_5438,col_5439,col_5440,col_5441,col_5442,col_5443,col_5444,col_5445,col_5446,col_5447,col_5448,col_5449,col_5450,col_5451,col_5452,col_5453,col_5454,col_5455,col_5456,col_5457,col_5458,col_5459,col_5460,col_5461,col_5462,col_5463,col_5464,col_5465,col_5466,col_5467,col_5468,col_5469,col_5470,col_5471,col_5472,col_5473,col_5474,col_5475,col_5476,col_5477,col_5478,col_5479,col_5480,col_5481,col_5482,col_5483,col_5484,col_5485,col_5486,col_5487,col_5488,col_5489,col_5490,col_5491,col_5492,col_5493,col_5494,col_5495,col_5496,col_5497,col_5498,col_5499,col_5500,col_5501,col_5502,col_5503,col_5504,col_5505,col_5506,col_5507,col_5508,col_5509,col_5510,col_5511,col_5512,col_5513,col_5514,col_5515,col_5516,col_5517,col_5518,col_5519,col_5520,col_5521,col_5522,col_5523,col_5524,col_5525,col_5526,col_5527,col_5528,col_5529,col_5530,col_5531,col_5532,col_5533,col_5534,col_5535,col_5536,col_5537,col_5538,col_5539,col_5540,col_5541,col_5542,col_5543,col_5544,col_5545,col_5546,col_5547,col_5548,col_5549,col_5550,col_5551,col_5552,col_5553,col_5554,col_5555,col_5556,col_5557,col_5558,col_5559,col_5560,col_5561,col_5562,col_5563,col_5564,col_5565,col_5566,col_5567,col_5568,col_5569,col_5570,col_5571,col_5572,col_5573,col_5574,col_5575,col_5576,col_5577,col_5578,col_5579,col_5580,col_5581,col_5582,col_5583,col_5584,col_5585,col_5586,col_5587,col_5588,col_5589,col_5590,col_5591,col_5592,col_5593,col_5594,col_5595,col_5596,col_5597,col_5598,col_5599,col_5600,col_5601,col_5602,col_5603,col_5604,col_5605,col_5606,col_5607,col_5608,col_5609,col_5610,col_5611,col_5612,col_5613,col_5614,col_5615,col_5616,col_5617,col_5618,col_5619,col_5620,col_5621,col_5622,col_5623,col_5624,col_5625,col_5626,col_5627,col_5628,col_5629,col_5630,col_5631,col_5632,col_5633,col_5634,col_5635,col_5636,col_5637,col_5638,col_5639,col_5640,col_5641,col_5642,col_5643,col_5644,col_5645,col_5646,col_5647,col_5648,col_5649,col_5650,col_5651,col_5652,col_5653,col_5654,col_5655,col_5656,col_5657,col_5658,col_5659,col_5660,col_5661,col_5662,col_5663,col_5664,col_5665,col_5666,col_5667,col_5668,col_5669,col_5670,col_5671,col_5672,col_5673,col_5674,col_5675,col_5676,col_5677,col_5678,col_5679,col_5680,col_5681,col_5682,col_5683,col_5684,col_5685,col_5686,col_5687,col_5688,col_5689,col_5690,col_5691,col_5692,col_5693,col_5694,col_5695,col_5696,col_5697,col_5698,col_5699,col_5700,col_5701,col_5702,col_5703,col_5704,col_5705,col_5706,col_5707,col_5708,col_5709,col_5710,col_5711,col_5712,col_5713,col_5714,col_5715,col_5716,col_5717,col_5718,col_5719,col_5720,col_5721,col_5722,col_5723,col_5724,col_5725,col_5726,col_5727,col_5728,col_5729,col_5730,col_5731,col_5732,col_5733,col_5734,col_5735,col_5736,col_5737,col_5738,col_5739,col_5740,col_5741,col_5742,col_5743,col_5744,col_5745,col_5746,col_5747,col_5748,col_5749,col_5750,col_5751,col_5752,col_5753,col_5754,col_5755,col_5756,col_5757,col_5758,col_5759,col_5760,col_5761,col_5762,col_5763,col_5764,col_5765,col_5766,col_5767,col_5768,col_5769,col_5770,col_5771,col_5772,col_5773,col_5774,col_5775,col_5776,col_5777,col_5778,col_5779,col_5780,col_5781,col_5782,col_5783,col_5784,col_5785,col_5786,col_5787,col_5788,col_5789,col_5790,col_5791,col_5792,col_5793,col_5794,col_5795,col_5796,col_5797,col_5798,col_5799,col_5800,col_5801,col_5802,col_5803,col_5804,col_5805,col_5806,col_5807,col_5808,col_5809,col_5810,col_5811,col_5812,col_5813,col_5814,col_5815,col_5816,col_5817,col_5818,col_5819,col_5820,col_5821,col_5822,col_5823,col_5824,col_5825,col_5826,col_5827,col_5828,col_5829,col_5830,col_5831,col_5832,col_5833,col_5834,col_5835,col_5836,col_5837,col_5838,col_5839,col_5840,col_5841,col_5842,col_5843,col_5844,col_5845,col_5846,col_5847,col_5848,col_5849,col_5850,col_5851,col_5852,col_5853,col_5854,col_5855,col_5856,col_5857,col_5858,col_5859,col_5860,col_5861,col_5862,col_5863,col_5864,col_5865,col_5866,col_5867,col_5868,col_5869,col_5870,col_5871,col_5872,col_5873,col_5874,col_5875,col_5876,col_5877,col_5878,col_5879,col_5880,col_5881,col_5882,col_5883,col_5884,col_5885,col_5886,col_5887,col_5888,col_5889,col_5890,col_5891,col_5892,col_5893,col_5894,col_5895,col_5896,col_5897,col_5898,col_5899,col_5900,col_5901,col_5902,col_5903,col_5904,col_5905,col_5906,col_5907,col_5908,col_5909,col_5910,col_5911,col_5912,col_5913,col_5914,col_5915,col_5916,col_5917,col_5918,col_5919,col_5920,col_5921,col_5922,col_5923,col_5924,col_5925,col_5926,col_5927,col_5928,col_5929,col_5930,col_5931,col_5932,col_5933,col_5934,col_5935,col_5936,col_5937,col_5938,col_5939,col_5940,col_5941,col_5942,col_5943,col_5944,col_5945,col_5946,col_5947,col_5948,col_5949,col_5950,col_5951,col_5952,col_5953,col_5954,col_5955,col_5956,col_5957,col_5958,col_5959,col_5960,col_5961,col_5962,col_5963,col_5964,col_5965,col_5966,col_5967,col_5968,col_5969,col_5970,col_5971,col_5972,col_5973,col_5974,col_5975,col_5976,col_5977,col_5978,col_5979,col_5980,col_5981,col_5982,col_5983,col_5984,col_5985,col_5986,col_5987,col_5988,col_5989,col_5990,col_5991,col_5992,col_5993,col_5994,col_5995,col_5996,col_5997,col_5998,col_5999,col_6000,col_6001,col_6002,col_6003,col_6004,col_6005,col_6006,col_6007,col_6008,col_6009,col_6010,col_6011,col_6012,col_6013,col_6014,col_6015,col_6016,col_6017,col_6018,col_6019,col_6020,col_6021,col_6022,col_6023,col_6024,col_6025,col_6026,col_6027,col_6028,col_6029,col_6030,col_6031,col_6032,col_6033,col_6034,col_6035,col_6036,col_6037,col_6038,col_6039,col_6040,col_6041,col_6042,col_6043,col_6044,col_6045,col_6046,col_6047,col_6048,col_6049,col_6050,col_6051,col_6052,col_6053,col_6054,col_6055,col_6056,col_6057,col_6058,col_6059,col_6060,col_6061,col_6062,col_6063,col_6064,col_6065,col_6066,col_6067,col_6068,col_6069,col_6070,col_6071,col_6072,col_6073,col_6074,col_6075,col_6076,col_6077,col_6078,col_6079,col_6080,col_6081,col_6082,col_6083,col_6084,col_6085,col_6086,col_6087,col_6088,col_6089,col_6090,col_6091,col_6092,col_6093,col_6094,col_6095,col_6096,col_6097,col_6098,col_6099,col_6100,col_6101,col_6102,col_6103,col_6104,col_6105,col_6106,col_6107,col_6108,col_6109,col_6110,col_6111,col_6112,col_6113,col_6114,col_6115,col_6116,col_6117,col_6118,col_6119,col_6120,col_6121,col_6122,col_6123,col_6124,col_6125,col_6126,col_6127,col_6128,col_6129,col_6130,col_6131,col_6132,col_6133,col_6134,col_6135,col_6136,col_6137,col_6138,col_6139,col_6140,col_6141,col_6142,col_6143,col_6144,col_6145,col_6146,col_6147,col_6148,col_6149,col_6150,col_6151,col_6152,col_6153,col_6154,col_6155,col_6156,col_6157,col_6158,col_6159,col_6160,col_6161,col_6162,col_6163,col_6164,col_6165,col_6166,col_6167,col_6168,col_6169,col_6170,col_6171,col_6172,col_6173,col_6174,col_6175,col_6176,col_6177,col_6178,col_6179,col_6180,col_6181,col_6182,col_6183,col_6184,col_6185,col_6186,col_6187,col_6188,col_6189,col_6190,col_6191,col_6192,col_6193,col_6194,col_6195,col_6196,col_6197,col_6198,col_6199,col_6200,col_6201,col_6202,col_6203,col_6204,col_6205,col_6206,col_6207,col_6208,col_6209,col_6210,col_6211,col_6212,col_6213,col_6214,col_6215,col_6216,col_6217,col_6218,col_6219,col_6220,col_6221,col_6222,col_6223,col_6224,col_6225,col_6226,col_6227,col_6228,col_6229,col_6230,col_6231,col_6232,col_6233,col_6234,col_6235,col_6236,col_6237,col_6238,col_6239,col_6240,col_6241,col_6242,col_6243,col_6244,col_6245,col_6246,col_6247,col_6248,col_6249,col_6250,col_6251,col_6252,col_6253,col_6254,col_6255,col_6256,col_6257,col_6258,col_6259,col_6260,col_6261,col_6262,col_6263,col_6264,col_6265,col_6266,col_6267,col_6268,col_6269,col_6270,col_6271,col_6272,col_6273,col_6274,col_6275,col_6276,col_6277,col_6278,col_6279,col_6280,col_6281,col_6282,col_6283,col_6284,col_6285,col_6286,col_6287,col_6288,col_6289,col_6290,col_6291,col_6292,col_6293,col_6294,col_6295,col_6296,col_6297,col_6298,col_6299,col_6300,col_6301,col_6302,col_6303,col_6304,col_6305,col_6306,col_6307,col_6308,col_6309,col_6310,col_6311,col_6312,col_6313,col_6314,col_6315,col_6316,col_6317,col_6318,col_6319,col_6320,col_6321,col_6322,col_6323,col_6324,col_6325,col_6326,col_6327,col_6328,col_6329,col_6330,col_6331,col_6332,col_6333,col_6334,col_6335,col_6336,col_6337,col_6338,col_6339,col_6340,col_6341,col_6342,col_6343,col_6344,col_6345,col_6346,col_6347,col_6348,col_6349,col_6350,col_6351,col_6352,col_6353,col_6354,col_6355,col_6356,col_6357,col_6358,col_6359,col_6360,col_6361,col_6362,col_6363,col_6364,col_6365,col_6366,col_6367,col_6368,col_6369,col_6370,col_6371,col_6372,col_6373,col_6374,col_6375,col_6376,col_6377,col_6378,col_6379,col_6380,col_6381,col_6382,col_6383,col_6384,col_6385,col_6386,col_6387,col_6388,col_6389,col_6390,col_6391,col_6392,col_6393,col_6394,col_6395,col_6396,col_6397,col_6398,col_6399,col_6400,col_6401,col_6402,col_6403,col_6404,col_6405,col_6406,col_6407,col_6408,col_6409,col_6410,col_6411,col_6412,col_6413,col_6414,col_6415,col_6416,col_6417,col_6418,col_6419,col_6420,col_6421,col_6422,col_6423,col_6424,col_6425,col_6426,col_6427,col_6428,col_6429,col_6430,col_6431,col_6432,col_6433,col_6434,col_6435,col_6436,col_6437,col_6438,col_6439,col_6440,col_6441,col_6442,col_6443,col_6444,col_6445,col_6446,col_6447,col_6448,col_6449,col_6450,col_6451,col_6452,col_6453,col_6454,col_6455,col_6456,col_6457,col_6458,col_6459,col_6460,col_6461,col_6462,col_6463,col_6464,col_6465,col_6466,col_6467,col_6468,col_6469,col_6470,col_6471,col_6472,col_6473,col_6474,col_6475,col_6476,col_6477,col_6478,col_6479,col_6480,col_6481,col_6482,col_6483,col_6484,col_6485,col_6486,col_6487,col_6488,col_6489,col_6490,col_6491,col_6492,col_6493,col_6494,col_6495,col_6496,col_6497,col_6498,col_6499,col_6500,col_6501,col_6502,col_6503,col_6504,col_6505,col_6506,col_6507,col_6508,col_6509,col_6510,col_6511,col_6512,col_6513,col_6514,col_6515,col_6516,col_6517,col_6518,col_6519,col_6520,col_6521,col_6522,col_6523,col_6524,col_6525,col_6526,col_6527,col_6528,col_6529,col_6530,col_6531,col_6532,col_6533,col_6534,col_6535,col_6536,col_6537,col_6538,col_6539,col_6540,col_6541,col_6542,col_6543,col_6544,col_6545,col_6546,col_6547,col_6548,col_6549,col_6550,col_6551,col_6552,col_6553,col_6554,col_6555,col_6556,col_6557,col_6558,col_6559,col_6560,col_6561,col_6562,col_6563,col_6564,col_6565,col_6566,col_6567,col_6568,col_6569,col_6570,col_6571,col_6572,col_6573,col_6574,col_6575,col_6576,col_6577,col_6578,col_6579,col_6580,col_6581,col_6582,col_6583,col_6584,col_6585,col_6586,col_6587,col_6588,col_6589,col_6590,col_6591,col_6592,col_6593,col_6594,col_6595,col_6596,col_6597,col_6598,col_6599,col_6600,col_6601,col_6602,col_6603,col_6604,col_6605,col_6606,col_6607,col_6608,col_6609,col_6610,col_6611,col_6612,col_6613,col_6614,col_6615,col_6616,col_6617,col_6618,col_6619,col_6620,col_6621,col_6622,col_6623,col_6624,col_6625,col_6626,col_6627,col_6628,col_6629,col_6630,col_6631,col_6632,col_6633,col_6634,col_6635,col_6636,col_6637,col_6638,col_6639,col_6640,col_6641,col_6642,col_6643,col_6644,col_6645,col_6646,col_6647,col_6648,col_6649,col_6650,col_6651,col_6652,col_6653,col_6654,col_6655,col_6656,col_6657,col_6658,col_6659,col_6660,col_6661,col_6662,col_6663,col_6664,col_6665,col_6666,col_6667,col_6668,col_6669,col_6670,col_6671,col_6672,col_6673,col_6674,col_6675,col_6676,col_6677,col_6678,col_6679,col_6680,col_6681,col_6682,col_6683,col_6684,col_6685,col_6686,col_6687,col_6688,col_6689,col_6690,col_6691,col_6692,col_6693,col_6694,col_6695,col_6696,col_6697,col_6698,col_6699,col_6700,col_6701,col_6702,col_6703,col_6704,col_6705,col_6706,col_6707,col_6708,col_6709,col_6710,col_6711,col_6712,col_6713,col_6714,col_6715,col_6716,col_6717,col_6718,col_6719,col_6720,col_6721,col_6722,col_6723,col_6724,col_6725,col_6726,col_6727,col_6728,col_6729,col_6730,col_6731,col_6732,col_6733,col_6734,col_6735,col_6736,col_6737,col_6738,col_6739,col_6740,col_6741,col_6742,col_6743,col_6744,col_6745,col_6746,col_6747,col_6748,col_6749,col_6750,col_6751,col_6752,col_6753,col_6754,col_6755,col_6756,col_6757,col_6758,col_6759,col_6760,col_6761,col_6762,col_6763,col_6764,col_6765,col_6766,col_6767,col_6768,col_6769,col_6770,col_6771,col_6772,col_6773,col_6774,col_6775,col_6776,col_6777,col_6778,col_6779,col_6780,col_6781,col_6782,col_6783,col_6784,col_6785,col_6786,col_6787,col_6788,col_6789,col_6790,col_6791,col_6792,col_6793,col_6794,col_6795,col_6796,col_6797,col_6798,col_6799,col_6800,col_6801,col_6802,col_6803,col_6804,col_6805,col_6806,col_6807,col_6808,col_6809,col_6810,col_6811,col_6812,col_6813,col_6814,col_6815,col_6816,col_6817,col_6818,col_6819,col_6820,col_6821,col_6822,col_6823,col_6824,col_6825,col_6826,col_6827,col_6828,col_6829,col_6830,col_6831,col_6832,col_6833,col_6834,col_6835,col_6836,col_6837,col_6838,col_6839,col_6840,col_6841,col_6842,col_6843,col_6844,col_6845,col_6846,col_6847,col_6848,col_6849,col_6850,col_6851,col_6852,col_6853,col_6854,col_6855,col_6856,col_6857,col_6858,col_6859,col_6860,col_6861,col_6862,col_6863,col_6864,col_6865,col_6866,col_6867,col_6868,col_6869,col_6870,col_6871,col_6872,col_6873,col_6874,col_6875,col_6876,col_6877,col_6878,col_6879,col_6880,col_6881,col_6882,col_6883,col_6884,col_6885,col_6886,col_6887,col_6888,col_6889,col_6890,col_6891,col_6892,col_6893,col_6894,col_6895,col_6896,col_6897,col_6898,col_6899,col_6900,col_6901,col_6902,col_6903,col_6904,col_6905,col_6906,col_6907,col_6908,col_6909,col_6910,col_6911,col_6912,col_6913,col_6914,col_6915,col_6916,col_6917,col_6918,col_6919,col_6920,col_6921,col_6922,col_6923,col_6924,col_6925,col_6926,col_6927,col_6928,col_6929,col_6930,col_6931,col_6932,col_6933,col_6934,col_6935,col_6936,col_6937,col_6938,col_6939,col_6940,col_6941,col_6942,col_6943,col_6944,col_6945,col_6946,col_6947,col_6948,col_6949,col_6950,col_6951,col_6952,col_6953,col_6954,col_6955,col_6956,col_6957,col_6958,col_6959,col_6960,col_6961,col_6962,col_6963,col_6964,col_6965,col_6966,col_6967,col_6968,col_6969,col_6970,col_6971,col_6972,col_6973,col_6974,col_6975,col_6976,col_6977,col_6978,col_6979,col_6980,col_6981,col_6982,col_6983,col_6984,col_6985,col_6986,col_6987,col_6988,col_6989,col_6990,col_6991,col_6992,col_6993,col_6994,col_6995,col_6996,col_6997,col_6998,col_6999,col_7000,col_7001,col_7002,col_7003,col_7004,col_7005,col_7006,col_7007,col_7008,col_7009,col_7010,col_7011,col_7012,col_7013,col_7014,col_7015,col_7016,col_7017,col_7018,col_7019,col_7020,col_7021,col_7022,col_7023,col_7024,col_7025,col_7026,col_7027,col_7028,col_7029,col_7030,col_7031,col_7032,col_7033,col_7034,col_7035,col_7036,col_7037,col_7038,col_7039,col_7040,col_7041,col_7042,col_7043,col_7044,col_7045,col_7046,col_7047,col_7048,col_7049,col_7050,col_7051,col_7052,col_7053,col_7054,col_7055,col_7056,col_7057,col_7058,col_7059,col_7060,col_7061,col_7062,col_7063,col_7064,col_7065,col_7066,col_7067,col_7068,col_7069,col_7070,col_7071,col_7072,col_7073,col_7074,col_7075,col_7076,col_7077,col_7078,col_7079,col_7080,col_7081,col_7082,col_7083,col_7084,col_7085,col_7086,col_7087,col_7088,col_7089,col_7090,col_7091,col_7092,col_7093,col_7094,col_7095,col_7096,col_7097,col_7098,col_7099,col_7100,col_7101,col_7102,col_7103,col_7104,col_7105,col_7106,col_7107,col_7108,col_7109,col_7110,col_7111,col_7112,col_7113,col_7114,col_7115,col_7116,col_7117,col_7118,col_7119,col_7120,col_7121,col_7122,col_7123,col_7124,col_7125,col_7126,col_7127,col_7128,col_7129,col_7130,col_7131,col_7132,col_7133,col_7134,col_7135,col_7136,col_7137,col_7138,col_7139,col_7140,col_7141,col_7142,col_7143,col_7144,col_7145,col_7146,col_7147,col_7148,col_7149,col_7150,col_7151,col_7152,col_7153,col_7154,col_7155,col_7156,col_7157,col_7158,col_7159,col_7160,col_7161,col_7162,col_7163,col_7164,col_7165,col_7166,col_7167,col_7168,col_7169,col_7170,col_7171,col_7172,col_7173,col_7174,col_7175,col_7176,col_7177,col_7178,col_7179,col_7180,col_7181,col_7182,col_7183,col_7184,col_7185,col_7186,col_7187,col_7188,col_7189,col_7190,col_7191,col_7192,col_7193,col_7194,col_7195,col_7196,col_7197,col_7198,col_7199,col_7200,col_7201,col_7202,col_7203,col_7204,col_7205,col_7206,col_7207,col_7208,col_7209,col_7210,col_7211,col_7212,col_7213,col_7214,col_7215,col_7216,col_7217,col_7218,col_7219,col_7220,col_7221,col_7222,col_7223,col_7224,col_7225,col_7226,col_7227,col_7228,col_7229,col_7230,col_7231,col_7232,col_7233,col_7234,col_7235,col_7236,col_7237,col_7238,col_7239,col_7240,col_7241,col_7242,col_7243,col_7244,col_7245,col_7246,col_7247,col_7248,col_7249,col_7250,col_7251,col_7252,col_7253,col_7254,col_7255,col_7256,col_7257,col_7258,col_7259,col_7260,col_7261,col_7262,col_7263,col_7264,col_7265,col_7266,col_7267,col_7268,col_7269,col_7270,col_7271,col_7272,col_7273,col_7274,col_7275,col_7276,col_7277,col_7278,col_7279,col_7280,col_7281,col_7282,col_7283,col_7284,col_7285,col_7286,col_7287,col_7288,col_7289,col_7290,col_7291,col_7292,col_7293,col_7294,col_7295,col_7296,col_7297,col_7298,col_7299,col_7300,col_7301,col_7302,col_7303,col_7304,col_7305,col_7306,col_7307,col_7308,col_7309,col_7310,col_7311,col_7312,col_7313,col_7314,col_7315,col_7316,col_7317,col_7318,col_7319,col_7320,col_7321,col_7322,col_7323,col_7324,col_7325,col_7326,col_7327,col_7328,col_7329,col_7330,col_7331,col_7332,col_7333,col_7334,col_7335,col_7336,col_7337,col_7338,col_7339,col_7340,col_7341,col_7342,col_7343,col_7344,col_7345,col_7346,col_7347,col_7348,col_7349,col_7350,col_7351,col_7352,col_7353,col_7354,col_7355,col_7356,col_7357,col_7358,col_7359,col_7360,col_7361,col_7362,col_7363,col_7364,col_7365,col_7366,col_7367,col_7368,col_7369,col_7370,col_7371,col_7372,col_7373,col_7374,col_7375,col_7376,col_7377,col_7378,col_7379,col_7380,col_7381,col_7382,col_7383,col_7384,col_7385,col_7386,col_7387,col_7388,col_7389,col_7390,col_7391,col_7392,col_7393,col_7394,col_7395,col_7396,col_7397,col_7398,col_7399,col_7400,col_7401,col_7402,col_7403,col_7404,col_7405,col_7406,col_7407,col_7408,col_7409,col_7410,col_7411,col_7412,col_7413,col_7414,col_7415,col_7416,col_7417,col_7418,col_7419,col_7420,col_7421,col_7422,col_7423,col_7424,col_7425,col_7426,col_7427,col_7428,col_7429,col_7430,col_7431,col_7432,col_7433,col_7434,col_7435,col_7436,col_7437,col_7438,col_7439,col_7440,col_7441,col_7442,col_7443,col_7444,col_7445,col_7446,col_7447,col_7448,col_7449,col_7450,col_7451,col_7452,col_7453,col_7454,col_7455,col_7456,col_7457,col_7458,col_7459,col_7460,col_7461,col_7462,col_7463,col_7464,col_7465,col_7466,col_7467,col_7468,col_7469,col_7470,col_7471,col_7472,col_7473,col_7474,col_7475,col_7476,col_7477,col_7478,col_7479,col_7480,col_7481,col_7482,col_7483,col_7484,col_7485,col_7486,col_7487,col_7488,col_7489,col_7490,col_7491,col_7492,col_7493,col_7494,col_7495,col_7496,col_7497,col_7498,col_7499,col_7500,col_7501,col_7502,col_7503,col_7504,col_7505,col_7506,col_7507,col_7508,col_7509,col_7510,col_7511,col_7512,col_7513,col_7514,col_7515,col_7516,col_7517,col_7518,col_7519,col_7520,col_7521,col_7522,col_7523,col_7524,col_7525,col_7526,col_7527,col_7528,col_7529,col_7530,col_7531,col_7532,col_7533,col_7534,col_7535,col_7536,col_7537,col_7538,col_7539,col_7540,col_7541,col_7542,col_7543,col_7544,col_7545,col_7546,col_7547,col_7548,col_7549,col_7550,col_7551,col_7552,col_7553,col_7554,col_7555,col_7556,col_7557,col_7558,col_7559,col_7560,col_7561,col_7562,col_7563,col_7564,col_7565,col_7566,col_7567,col_7568,col_7569,col_7570,col_7571,col_7572,col_7573,col_7574,col_7575,col_7576,col_7577,col_7578,col_7579,col_7580,col_7581,col_7582,col_7583,col_7584,col_7585,col_7586,col_7587,col_7588,col_7589,col_7590,col_7591,col_7592,col_7593,col_7594,col_7595,col_7596,col_7597,col_7598,col_7599,col_7600,col_7601,col_7602,col_7603,col_7604,col_7605,col_7606,col_7607,col_7608,col_7609,col_7610,col_7611,col_7612,col_7613,col_7614,col_7615,col_7616,col_7617,col_7618,col_7619,col_7620,col_7621,col_7622,col_7623,col_7624,col_7625,col_7626,col_7627,col_7628,col_7629,col_7630,col_7631,col_7632,col_7633,col_7634,col_7635,col_7636,col_7637,col_7638,col_7639,col_7640,col_7641,col_7642,col_7643,col_7644,col_7645,col_7646,col_7647,col_7648,col_7649,col_7650,col_7651,col_7652,col_7653,col_7654,col_7655,col_7656,col_7657,col_7658,col_7659,col_7660,col_7661,col_7662,col_7663,col_7664,col_7665,col_7666,col_7667,col_7668,col_7669,col_7670,col_7671,col_7672,col_7673,col_7674,col_7675,col_7676,col_7677,col_7678,col_7679,col_7680,col_7681,col_7682,col_7683,col_7684,col_7685,col_7686,col_7687,col_7688,col_7689,col_7690,col_7691,col_7692,col_7693,col_7694,col_7695,col_7696,col_7697,col_7698,col_7699,col_7700,col_7701,col_7702,col_7703,col_7704,col_7705,col_7706,col_7707,col_7708,col_7709,col_7710,col_7711,col_7712,col_7713,col_7714,col_7715,col_7716,col_7717,col_7718,col_7719,col_7720,col_7721,col_7722,col_7723,col_7724,col_7725,col_7726,col_7727,col_7728,col_7729,col_7730,col_7731,col_7732,col_7733,col_7734,col_7735,col_7736,col_7737,col_7738,col_7739,col_7740,col_7741,col_7742,col_7743,col_7744,col_7745,col_7746,col_7747,col_7748,col_7749,col_7750,col_7751,col_7752,col_7753,col_7754,col_7755,col_7756,col_7757,col_7758,col_7759,col_7760,col_7761,col_7762,col_7763,col_7764,col_7765,col_7766,col_7767,col_7768,col_7769,col_7770,col_7771,col_7772,col_7773,col_7774,col_7775,col_7776,col_7777,col_7778,col_7779,col_7780,col_7781,col_7782,col_7783,col_7784,col_7785,col_7786,col_7787,col_7788,col_7789,col_7790,col_7791,col_7792,col_7793,col_7794,col_7795,col_7796,col_7797,col_7798,col_7799,col_7800,col_7801,col_7802,col_7803,col_7804,col_7805,col_7806,col_7807,col_7808,col_7809,col_7810,col_7811,col_7812,col_7813,col_7814,col_7815,col_7816,col_7817,col_7818,col_7819,col_7820,col_7821,col_7822,col_7823,col_7824,col_7825,col_7826,col_7827,col_7828,col_7829,col_7830,col_7831,col_7832,col_7833,col_7834,col_7835,col_7836,col_7837,col_7838,col_7839,col_7840,col_7841,col_7842,col_7843,col_7844,col_7845,col_7846,col_7847,col_7848,col_7849,col_7850,col_7851,col_7852,col_7853,col_7854,col_7855,col_7856,col_7857,col_7858,col_7859,col_7860,col_7861,col_7862,col_7863,col_7864,col_7865,col_7866,col_7867,col_7868,col_7869,col_7870,col_7871,col_7872,col_7873,col_7874,col_7875,col_7876,col_7877,col_7878,col_7879,col_7880,col_7881,col_7882,col_7883,col_7884,col_7885,col_7886,col_7887,col_7888,col_7889,col_7890,col_7891,col_7892,col_7893,col_7894,col_7895,col_7896,col_7897,col_7898,col_7899,col_7900,col_7901,col_7902,col_7903,col_7904,col_7905,col_7906,col_7907,col_7908,col_7909,col_7910,col_7911,col_7912,col_7913,col_7914,col_7915,col_7916,col_7917,col_7918,col_7919,col_7920,col_7921,col_7922,col_7923,col_7924,col_7925,col_7926,col_7927,col_7928,col_7929,col_7930,col_7931,col_7932,col_7933,col_7934,col_7935,col_7936,col_7937,col_7938,col_7939,col_7940,col_7941,col_7942,col_7943,col_7944,col_7945,col_7946,col_7947,col_7948,col_7949,col_7950,col_7951,col_7952,col_7953,col_7954,col_7955,col_7956,col_7957,col_7958,col_7959,col_7960,col_7961,col_7962,col_7963,col_7964,col_7965,col_7966,col_7967,col_7968,col_7969,col_7970,col_7971,col_7972,col_7973,col_7974,col_7975,col_7976,col_7977,col_7978,col_7979,col_7980,col_7981,col_7982,col_7983,col_7984,col_7985,col_7986,col_7987,col_7988,col_7989,col_7990,col_7991,col_7992,col_7993,col_7994,col_7995,col_7996,col_7997,col_7998,col_7999,col_8000,col_8001,col_8002,col_8003,col_8004,col_8005,col_8006,col_8007,col_8008,col_8009,col_8010,col_8011,col_8012,col_8013,col_8014,col_8015,col_8016,col_8017,col_8018,col_8019,col_8020,col_8021,col_8022,col_8023,col_8024,col_8025,col_8026,col_8027,col_8028,col_8029,col_8030,col_8031,col_8032,col_8033,col_8034,col_8035,col_8036,col_8037,col_8038,col_8039,col_8040,col_8041,col_8042,col_8043,col_8044,col_8045,col_8046,col_8047,col_8048,col_8049,col_8050,col_8051,col_8052,col_8053,col_8054,col_8055,col_8056,col_8057,col_8058,col_8059,col_8060,col_8061,col_8062,col_8063,col_8064,col_8065,col_8066,col_8067,col_8068,col_8069,col_8070,col_8071,col_8072,col_8073,col_8074,col_8075,col_8076,col_8077,col_8078,col_8079,col_8080,col_8081,col_8082,col_8083,col_8084,col_8085,col_8086,col_8087,col_8088,col_8089,col_8090,col_8091,col_8092,col_8093,col_8094,col_8095,col_8096,col_8097,col_8098,col_8099,col_8100,col_8101,col_8102,col_8103,col_8104,col_8105,col_8106,col_8107,col_8108,col_8109,col_8110,col_8111,col_8112,col_8113,col_8114,col_8115,col_8116,col_8117,col_8118,col_8119,col_8120,col_8121,col_8122,col_8123,col_8124,col_8125,col_8126,col_8127,col_8128,col_8129,col_8130,col_8131,col_8132,col_8133,col_8134,col_8135,col_8136,col_8137,col_8138,col_8139,col_8140,col_8141,col_8142,col_8143,col_8144,col_8145,col_8146,col_8147,col_8148,col_8149,col_8150,col_8151,col_8152,col_8153,col_8154,col_8155,col_8156,col_8157,col_8158,col_8159,col_8160,col_8161,col_8162,col_8163,col_8164,col_8165,col_8166,col_8167,col_8168,col_8169,col_8170,col_8171,col_8172,col_8173,col_8174,col_8175,col_8176,col_8177,col_8178,col_8179,col_8180,col_8181,col_8182,col_8183,col_8184,col_8185,col_8186,col_8187,col_8188,col_8189,col_8190,col_8191,col_8192,col_8193,col_8194,col_8195,col_8196,col_8197,col_8198,col_8199,col_8200,col_8201,col_8202,col_8203,col_8204,col_8205,col_8206,col_8207,col_8208,col_8209,col_8210,col_8211,col_8212,col_8213,col_8214,col_8215,col_8216,col_8217,col_8218,col_8219,col_8220,col_8221,col_8222,col_8223,col_8224,col_8225,col_8226,col_8227,col_8228,col_8229,col_8230,col_8231,col_8232,col_8233,col_8234,col_8235,col_8236,col_8237,col_8238,col_8239,col_8240,col_8241,col_8242,col_8243,col_8244,col_8245,col_8246,col_8247,col_8248,col_8249,col_8250,col_8251,col_8252,col_8253,col_8254,col_8255,col_8256,col_8257,col_8258,col_8259,col_8260,col_8261,col_8262,col_8263,col_8264,col_8265,col_8266,col_8267,col_8268,col_8269,col_8270,col_8271,col_8272,col_8273,col_8274,col_8275,col_8276,col_8277,col_8278,col_8279,col_8280,col_8281,col_8282,col_8283,col_8284,col_8285,col_8286,col_8287,col_8288,col_8289,col_8290,col_8291,col_8292,col_8293,col_8294,col_8295,col_8296,col_8297,col_8298,col_8299,col_8300,col_8301,col_8302,col_8303,col_8304,col_8305,col_8306,col_8307,col_8308,col_8309,col_8310,col_8311,col_8312,col_8313,col_8314,col_8315,col_8316,col_8317,col_8318,col_8319,col_8320,col_8321,col_8322,col_8323,col_8324,col_8325,col_8326,col_8327,col_8328,col_8329,col_8330,col_8331,col_8332,col_8333,col_8334,col_8335,col_8336,col_8337,col_8338,col_8339,col_8340,col_8341,col_8342,col_8343,col_8344,col_8345,col_8346,col_8347,col_8348,col_8349,col_8350,col_8351,col_8352,col_8353,col_8354,col_8355,col_8356,col_8357,col_8358,col_8359,col_8360,col_8361,col_8362,col_8363,col_8364,col_8365,col_8366,col_8367,col_8368,col_8369,col_8370,col_8371,col_8372,col_8373,col_8374,col_8375,col_8376,col_8377,col_8378,col_8379,col_8380,col_8381,col_8382,col_8383,col_8384,col_8385,col_8386,col_8387,col_8388,col_8389,col_8390,col_8391,col_8392,col_8393,col_8394,col_8395,col_8396,col_8397,col_8398,col_8399,col_8400,col_8401,col_8402,col_8403,col_8404,col_8405,col_8406,col_8407,col_8408,col_8409,col_8410,col_8411,col_8412,col_8413,col_8414,col_8415,col_8416,col_8417,col_8418,col_8419,col_8420,col_8421,col_8422,col_8423,col_8424,col_8425,col_8426,col_8427,col_8428,col_8429,col_8430,col_8431,col_8432,col_8433,col_8434,col_8435,col_8436,col_8437,col_8438,col_8439,col_8440,col_8441,col_8442,col_8443,col_8444,col_8445,col_8446,col_8447,col_8448,col_8449,col_8450,col_8451,col_8452,col_8453,col_8454,col_8455,col_8456,col_8457,col_8458,col_8459,col_8460,col_8461,col_8462,col_8463,col_8464,col_8465,col_8466,col_8467,col_8468,col_8469,col_8470,col_8471,col_8472,col_8473,col_8474,col_8475,col_8476,col_8477,col_8478,col_8479,col_8480,col_8481,col_8482,col_8483,col_8484,col_8485,col_8486,col_8487,col_8488,col_8489,col_8490,col_8491,col_8492,col_8493,col_8494,col_8495,col_8496,col_8497,col_8498,col_8499,col_8500,col_8501,col_8502,col_8503,col_8504,col_8505,col_8506,col_8507,col_8508,col_8509,col_8510,col_8511,col_8512,col_8513,col_8514,col_8515,col_8516,col_8517,col_8518,col_8519,col_8520,col_8521,col_8522,col_8523,col_8524,col_8525,col_8526,col_8527,col_8528,col_8529,col_8530,col_8531,col_8532,col_8533,col_8534,col_8535,col_8536,col_8537,col_8538,col_8539,col_8540,col_8541,col_8542,col_8543,col_8544,col_8545,col_8546,col_8547,col_8548,col_8549,col_8550,col_8551,col_8552,col_8553,col_8554,col_8555,col_8556,col_8557,col_8558,col_8559,col_8560,col_8561,col_8562,col_8563,col_8564,col_8565,col_8566,col_8567,col_8568,col_8569,col_8570,col_8571,col_8572,col_8573,col_8574,col_8575,col_8576,col_8577,col_8578,col_8579,col_8580,col_8581,col_8582,col_8583,col_8584,col_8585,col_8586,col_8587,col_8588,col_8589,col_8590,col_8591,col_8592,col_8593,col_8594,col_8595,col_8596,col_8597,col_8598,col_8599,col_8600,col_8601,col_8602,col_8603,col_8604,col_8605,col_8606,col_8607,col_8608,col_8609,col_8610,col_8611,col_8612,col_8613,col_8614,col_8615,col_8616,col_8617,col_8618,col_8619,col_8620,col_8621,col_8622,col_8623,col_8624,col_8625,col_8626,col_8627,col_8628,col_8629,col_8630,col_8631,col_8632,col_8633,col_8634,col_8635,col_8636,col_8637,col_8638,col_8639,col_8640,col_8641,col_8642,col_8643,col_8644,col_8645,col_8646,col_8647,col_8648,col_8649,col_8650,col_8651,col_8652,col_8653,col_8654,col_8655,col_8656,col_8657,col_8658,col_8659,col_8660,col_8661,col_8662,col_8663,col_8664,col_8665,col_8666,col_8667,col_8668,col_8669,col_8670,col_8671,col_8672,col_8673,col_8674,col_8675,col_8676,col_8677,col_8678,col_8679,col_8680,col_8681,col_8682,col_8683,col_8684,col_8685,col_8686,col_8687,col_8688,col_8689,col_8690,col_8691,col_8692,col_8693,col_8694,col_8695,col_8696,col_8697,col_8698,col_8699,col_8700,col_8701,col_8702,col_8703,col_8704,col_8705,col_8706,col_8707,col_8708,col_8709,col_8710,col_8711,col_8712,col_8713,col_8714,col_8715,col_8716,col_8717,col_8718,col_8719,col_8720,col_8721,col_8722,col_8723,col_8724,col_8725,col_8726,col_8727,col_8728,col_8729,col_8730,col_8731,col_8732,col_8733,col_8734,col_8735,col_8736,col_8737,col_8738,col_8739,col_8740,col_8741,col_8742,col_8743,col_8744,col_8745,col_8746,col_8747,col_8748,col_8749,col_8750,col_8751,col_8752,col_8753,col_8754,col_8755,col_8756,col_8757,col_8758,col_8759,col_8760,col_8761,col_8762,col_8763,col_8764,col_8765,col_8766,col_8767,col_8768,col_8769,col_8770,col_8771,col_8772,col_8773,col_8774,col_8775,col_8776,col_8777,col_8778,col_8779,col_8780,col_8781,col_8782,col_8783,col_8784,col_8785,col_8786,col_8787,col_8788,col_8789,col_8790,col_8791,col_8792,col_8793,col_8794,col_8795,col_8796,col_8797,col_8798,col_8799,col_8800,col_8801,col_8802,col_8803,col_8804,col_8805,col_8806,col_8807,col_8808,col_8809,col_8810,col_8811,col_8812,col_8813,col_8814,col_8815,col_8816,col_8817,col_8818,col_8819,col_8820,col_8821,col_8822,col_8823,col_8824,col_8825,col_8826,col_8827,col_8828,col_8829,col_8830,col_8831,col_8832,col_8833,col_8834,col_8835,col_8836,col_8837,col_8838,col_8839,col_8840,col_8841,col_8842,col_8843,col_8844,col_8845,col_8846,col_8847,col_8848,col_8849,col_8850,col_8851,col_8852,col_8853,col_8854,col_8855,col_8856,col_8857,col_8858,col_8859,col_8860,col_8861,col_8862,col_8863,col_8864,col_8865,col_8866,col_8867,col_8868,col_8869,col_8870,col_8871,col_8872,col_8873,col_8874,col_8875,col_8876,col_8877,col_8878,col_8879,col_8880,col_8881,col_8882,col_8883,col_8884,col_8885,col_8886,col_8887,col_8888,col_8889,col_8890,col_8891,col_8892,col_8893,col_8894,col_8895,col_8896,col_8897,col_8898,col_8899,col_8900,col_8901,col_8902,col_8903,col_8904,col_8905,col_8906,col_8907,col_8908,col_8909,col_8910,col_8911,col_8912,col_8913,col_8914,col_8915,col_8916,col_8917,col_8918,col_8919,col_8920,col_8921,col_8922,col_8923,col_8924,col_8925,col_8926,col_8927,col_8928,col_8929,col_8930,col_8931,col_8932,col_8933,col_8934,col_8935,col_8936,col_8937,col_8938,col_8939,col_8940,col_8941,col_8942,col_8943,col_8944,col_8945,col_8946,col_8947,col_8948,col_8949,col_8950,col_8951,col_8952,col_8953,col_8954,col_8955,col_8956,col_8957,col_8958,col_8959,col_8960,col_8961,col_8962,col_8963,col_8964,col_8965,col_8966,col_8967,col_8968,col_8969,col_8970,col_8971,col_8972,col_8973,col_8974,col_8975,col_8976,col_8977,col_8978,col_8979,col_8980,col_8981,col_8982,col_8983,col_8984,col_8985,col_8986,col_8987,col_8988,col_8989,col_8990,col_8991,col_8992,col_8993,col_8994,col_8995,col_8996,col_8997,col_8998,col_8999,col_9000,col_9001,col_9002,col_9003,col_9004,col_9005,col_9006,col_9007,col_9008,col_9009,col_9010,col_9011,col_9012,col_9013,col_9014,col_9015,col_9016,col_9017,col_9018,col_9019,col_9020,col_9021,col_9022,col_9023,col_9024,col_9025,col_9026,col_9027,col_9028,col_9029,col_9030,col_9031,col_9032,col_9033,col_9034,col_9035,col_9036,col_9037,col_9038,col_9039,col_9040,col_9041,col_9042,col_9043,col_9044,col_9045,col_9046,col_9047,col_9048,col_9049,col_9050,col_9051,col_9052,col_9053,col_9054,col_9055,col_9056,col_9057,col_9058,col_9059,col_9060,col_9061,col_9062,col_9063,col_9064,col_9065,col_9066,col_9067,col_9068,col_9069,col_9070,col_9071,col_9072,col_9073,col_9074,col_9075,col_9076,col_9077,col_9078,col_9079,col_9080,col_9081,col_9082,col_9083,col_9084,col_9085,col_9086,col_9087,col_9088,col_9089,col_9090,col_9091,col_9092,col_9093,col_9094,col_9095,col_9096,col_9097,col_9098,col_9099,col_9100,col_9101,col_9102,col_9103,col_9104,col_9105,col_9106,col_9107,col_9108,col_9109,col_9110,col_9111,col_9112,col_9113,col_9114,col_9115,col_9116,col_9117,col_9118,col_9119,col_9120,col_9121,col_9122,col_9123,col_9124,col_9125,col_9126,col_9127,col_9128,col_9129,col_9130,col_9131,col_9132,col_9133,col_9134,col_9135,col_9136,col_9137,col_9138,col_9139,col_9140,col_9141,col_9142,col_9143,col_9144,col_9145,col_9146,col_9147,col_9148,col_9149,col_9150,col_9151,col_9152,col_9153,col_9154,col_9155,col_9156,col_9157,col_9158,col_9159,col_9160,col_9161,col_9162,col_9163,col_9164,col_9165,col_9166,col_9167,col_9168,col_9169,col_9170,col_9171,col_9172,col_9173,col_9174,col_9175,col_9176,col_9177,col_9178,col_9179,col_9180,col_9181,col_9182,col_9183,col_9184,col_9185,col_9186,col_9187,col_9188,col_9189,col_9190,col_9191,col_9192,col_9193,col_9194,col_9195,col_9196,col_9197,col_9198,col_9199,col_9200,col_9201,col_9202,col_9203,col_9204,col_9205,col_9206,col_9207,col_9208,col_9209,col_9210,col_9211,col_9212,col_9213,col_9214,col_9215,col_9216,col_9217,col_9218,col_9219,col_9220,col_9221,col_9222,col_9223,col_9224,col_9225,col_9226,col_9227,col_9228,col_9229,col_9230,col_9231,col_9232,col_9233,col_9234,col_9235,col_9236,col_9237,col_9238,col_9239,col_9240,col_9241,col_9242,col_9243,col_9244,col_9245,col_9246,col_9247,col_9248,col_9249,col_9250,col_9251,col_9252,col_9253,col_9254,col_9255,col_9256,col_9257,col_9258,col_9259,col_9260,col_9261,col_9262,col_9263,col_9264,col_9265,col_9266,col_9267,col_9268,col_9269,col_9270,col_9271,col_9272,col_9273,col_9274,col_9275,col_9276,col_9277,col_9278,col_9279,col_9280,col_9281,col_9282,col_9283,col_9284,col_9285,col_9286,col_9287,col_9288,col_9289,col_9290,col_9291,col_9292,col_9293,col_9294,col_9295,col_9296,col_9297,col_9298,col_9299,col_9300,col_9301,col_9302,col_9303,col_9304,col_9305,col_9306,col_9307,col_9308,col_9309,col_9310,col_9311,col_9312,col_9313,col_9314,col_9315,col_9316,col_9317,col_9318,col_9319,col_9320,col_9321,col_9322,col_9323,col_9324,col_9325,col_9326,col_9327,col_9328,col_9329,col_9330,col_9331,col_9332,col_9333,col_9334,col_9335,col_9336,col_9337,col_9338,col_9339,col_9340,col_9341,col_9342,col_9343,col_9344,col_9345,col_9346,col_9347,col_9348,col_9349,col_9350,col_9351,col_9352,col_9353,col_9354,col_9355,col_9356,col_9357,col_9358,col_9359,col_9360,col_9361,col_9362,col_9363,col_9364,col_9365,col_9366,col_9367,col_9368,col_9369,col_9370,col_9371,col_9372,col_9373,col_9374,col_9375,col_9376,col_9377,col_9378,col_9379,col_9380,col_9381,col_9382,col_9383,col_9384,col_9385,col_9386,col_9387,col_9388,col_9389,col_9390,col_9391,col_9392,col_9393,col_9394,col_9395,col_9396,col_9397,col_9398,col_9399,col_9400,col_9401,col_9402,col_9403,col_9404,col_9405,col_9406,col_9407,col_9408,col_9409,col_9410,col_9411,col_9412,col_9413,col_9414,col_9415,col_9416,col_9417,col_9418,col_9419,col_9420,col_9421,col_9422,col_9423,col_9424,col_9425,col_9426,col_9427,col_9428,col_9429,col_9430,col_9431,col_9432,col_9433,col_9434,col_9435,col_9436,col_9437,col_9438,col_9439,col_9440,col_9441,col_9442,col_9443,col_9444,col_9445,col_9446,col_9447,col_9448,col_9449,col_9450,col_9451,col_9452,col_9453,col_9454,col_9455,col_9456,col_9457,col_9458,col_9459,col_9460,col_9461,col_9462,col_9463,col_9464,col_9465,col_9466,col_9467,col_9468,col_9469,col_9470,col_9471,col_9472,col_9473,col_9474,col_9475,col_9476,col_9477,col_9478,col_9479,col_9480,col_9481,col_9482,col_9483,col_9484,col_9485,col_9486,col_9487,col_9488,col_9489,col_9490,col_9491,col_9492,col_9493,col_9494,col_9495,col_9496,col_9497,col_9498,col_9499,col_9500,col_9501,col_9502,col_9503,col_9504,col_9505,col_9506,col_9507,col_9508,col_9509,col_9510,col_9511,col_9512,col_9513,col_9514,col_9515,col_9516,col_9517,col_9518,col_9519,col_9520,col_9521,col_9522,col_9523,col_9524,col_9525,col_9526,col_9527,col_9528,col_9529,col_9530,col_9531,col_9532,col_9533,col_9534,col_9535,col_9536,col_9537,col_9538,col_9539,col_9540,col_9541,col_9542,col_9543,col_9544,col_9545,col_9546,col_9547,col_9548,col_9549,col_9550,col_9551,col_9552,col_9553,col_9554,col_9555,col_9556,col_9557,col_9558,col_9559,col_9560,col_9561,col_9562,col_9563,col_9564,col_9565,col_9566,col_9567,col_9568,col_9569,col_9570,col_9571,col_9572,col_9573,col_9574,col_9575,col_9576,col_9577,col_9578,col_9579,col_9580,col_9581,col_9582,col_9583,col_9584,col_9585,col_9586,col_9587,col_9588,col_9589,col_9590,col_9591,col_9592,col_9593,col_9594,col_9595,col_9596,col_9597,col_9598
504.44786255672864,504.4456242319674,504.4430616236578,504.44016496693695,504.4369248397261,504.43333217173756,504.4293782531716,504.4250547430985,504.4203536775153,504.4152674770691,504.40978895443754,504.40391132135994,504.397628195313,504.3909336058183,504.3838220003812,504.37628825005146,504.3683276546017,504.35993594731247,504.35110929936695,504.3418443238428,504.33213807930235,504.321988072972,504.3113922635099,504.3003490633631,504.288857340697,504.27691642091224,504.26452608773656,504.25168658388986,504.2383986113242,504.22466333104165,504.2104823624776,504.1958577824631,504.1807921237589,504.16528837316173,504.14934996919146,504.1329807993504,504.11618519696196,504.09896793760043,504.0813342350921,504.06328973711675,504.04484052039555,504.0259930854761,504.0067543511208,503.98713164829985,503.96713271379565,503.94676568342675,503.92603908489195,503.9049618302495,503.8835432080287,503.86179287498965,503.83972084753134,503.81733749276646,503.79465351925666,503.7716799674308,503.74842819968796,503.7249098901941,503.70113701438845,503.6771218381995,503.6528769069905,503.6284150342397,503.6037492899652,503.5788929889126,503.5538596785048,503.5286631265782,503.50331730890684,503.477836396533,503.45223474291447,503.4265268708973,503.40072745953233,503.3748513307451,503.3489134358708,503.3229288420707,503.296912718638,503.2708803232133,503.2448469879163,503.218828105409,503.192839114908,503.16689548815265,503.14101271534776,503.1152062910925,503.08949170030724,503.0638844041763,503.03839982611794,503.0130533377908,502.9878602451589,502.9628357746238,502.9379950592321,502.9133531249865,502.8889248772563,502.8647250873121,502.84076837899283,502.8170692155209,502.7936418864744,502.7705004949339,502.7476589448101,502.7251309283698,502.70292991397196,502.681069134019,502.65956157314844,502.63841995665683,502.61765673918916,502.597284093687,502.5773139006137,502.55775773746944,502.53862686859765,502.51993223530246,502.5016844462789,502.48389376837065,502.46657011766047,502.4497230509013,502.43336175730434,502.4174950506763,502.40213136193285,502.3872787319775,502.37294480496536,502.35913682195064,502.34586161492825,502.333125601274,502.3209347785872,502.3092947199397,502.2982105695443,502.2876870388312,502.2777284029535,502.2683384977087,502.2595207168946,502.25127801008614,502.2436128808496,502.23652738538703,502.2300231316137,502.22410127866993,502.21876253686867,502.2140071680773,502.20983498653254,502.2062453600895,502.2032372119004,502.20080902252465,502.19895883246755,502.1976842451375,502.1969824302336,502.19685012754366,502.1972836511617,502.1982788941111,502.19983133337735,502.2019360353349,502.20458766157367,502.20778047511044,502.2115083469856,502.2157647632333,502.2205428322195,502.2258352923412,502.2316345200831,502.23793253841245,502.24472102551795,502.25199132386865,502.2597344496014,502.26794110220794,502.2766016745293,502.2857062630374,502.29524467839497,502.3052064562849,502.31558086850066,502.32635693427983,502.3375234318771,502.3490689103579,502.36098170160824,502.3732499325426,502.3858615375018,502.3988042708254,502.4120657195907,502.4256333164989,502.43949435290136,502.4536359919538,502.4680452818766,502.48270916931875,502.49761451280756,502.51274809626904,502.52809664260724,502.54364682733063,502.55938529220964,502.5752986589535,502.59137354289055,502.6075965666422,502.62395437377285,502.64043364240644,502.6570210987918,502.67370353080696,502.6904678013863,502.7073008618622,502.7241897651995,502.7411216791187,502.7580838990888,502.77506386118046,502.7920491547652,502.8090275350458,502.825986935414,502.84291547961095,502.8598014936896,502.8766335177593,502.8934003175075,502.91009089548265,502.92669450212725,502.9432006465539,502.9595991070514,502.97587994130606,502.99203349634223,503.00805041815056,503.02392166101987,503.03963849654014,503.05519252228225,503.07057567014283,503.08578021434363,503.100798779079,503.1156243458057,503.13025026016305,503.1446702385246,503.1588783741665,503.17286914305123,503.1866374092227,503.2001784298014,503.21348785958276,503.2265617552232,503.239396579026,503.2519892023061,503.2643369083422,503.27643739490975,503.28828877639125,503.2998895854629,503.3112387743585,503.3223357157061,503.3331802029352,503.34377245026195,503.3541130922433,503.36420318290766,503.3740441944586,503.3836380155537,503.392986949166,503.40209371002027,503.41096142161473,503.41959361282954,503.4279942141229,503.43616755332266,503.44411835101357,503.4518517155303,503.45937313755235,503.46668848431744,503.4738039934524,503.4807262664287,503.48746226164764,503.4940192871696,503.5004049930834,503.5066273635347,503.5126947084118,503.51861565470705,503.52439913754984,503.5300543909344,503.53559093814056,503.5410185818642,503.54634739406055,503.55158770551964,503.5567500951739,503.56184537915726,503.5668845996227,503.57187901332827,503.5768400800069,503.5817794505276,503.5867089548633,503.591640589875,503.5965865069252,503.6015589993336,503.60657048968505,503.611633517007,503.61676072382625,503.62196484311437,503.6272586851453,503.63265512426574,503.6381670855997,503.6438075317001,503.6495894491536,503.65552583516467,503.6616296841157,503.66791397413454,503.6743916536665,503.6810756280771,503.68797874629064,503.6951137874801,503.702493447824,503.7101303273405,503.7180369168134,503.7262255848203,503.7347085648829,503.74349794274144,503.7526056437762,503.76204342058224,503.7718228407119,503.78195527459803,503.79245188366605,503.8033236086551,503.8145811581467,503.82623499732665,503.838295336982,503.85077212274524,503.86367502460064,503.87701342665736,503.89079641720537,503.9050327790595,503.9197309802016,503.9348991647347,503.9505451441506,503.96667638892956,503.9833000204675,504.00042280335043,504.0180511379798,504.0361910535522,504.05484820140634,504.07402784874046,504.0937348727066,504.1139737548891,504.1347485761721,504.156063012001,504.1779203280414,504.20032337624264,504.2232745913069,504.2467759875714,504.27082915630115,504.2954352633994,504.32059504753715,504.3463088187034,504.37257645717455,504.39939741291334,504.42677070538366,504.4546949237954,504.4831682277696,504.5121883484301,504.5417525899122,504.57185783129944,504.6025005289725,504.6336767193783,504.6653820222118,504.6976116440107,504.73036038215514,504.7636226292731,504.7973923780421,504.8316632263912,504.866428383086,504.9016806737032,504.9374125469798,504.97361608153795,505.0102829929722,505.04740464129856,505.0849720387541,505.12297585793914,505.16140644029724,505.2002538049242,505.2395076576937,505.27915740069363,505.3191921419664,505.3596007055401,505.4003716417373,505.44149323776526,505.48295352855763,505.5247403078738,505.5668411396395,505.60924336950933,505.65193413665895,505.69490038577237,505.7381288792325,505.781606209494,505.8253188116224,505.86925297599873,505.91339486116726,505.9577305068191,506.0022458468963,506.04692672280856,506.09175889674077,506.1367280650503,506.18181987172744,506.2270199219229,506.2723137955112,506.31768706068897,506.3631252875914,506.4086140619132,506.4541389985227,506.49968575505346,506.5452400454605,506.59078765353127,506.63631444633666,506.68180638760424,506.72724955101177,506.7726301333751,506.81793446772997,506.8631490362837,506.90826048323714,506.9532556274516,506.9981214749563,507.0428452312839,507.08741431362154,507.1318163627595,507.17603925484013,507.22007111288326,507.263900318079,507.30751552084354,507.3509056516211,507.39405993142407,507.4369678821035,507.4796193363329,507.52200444730624,507.5641136981325,507.6059379109205,507.6474682555487,507.688696258105,507.72961380899574,507.7702131707115,507.8104869852416,507.8504282811392,507.8900304802137,507.9292874038652,507.9681932790352,508.00674274378247,508.044930852469,508.0827530805632,508.1202053290387,508.15728392838037,508.19398564218864,508.2303076703764,508.2662476519552,508.30180366741547,508.33697424069214,508.3717583407122,508.4061553825327,508.4401652280564,508.4737881863353,508.5070250134527,508.539876911991,508.572345530083,508.6044329600494,508.63614173662114,508.66747483475143,508.6984356670196,508.72902808062724,508.7592563539928,508.7891251929448,508.8186397265221,508.84780550238054,508.8766284818139,508.9051150343932,508.9332719322291,508.9611063438639,508.98862582780043,509.0158383256705,509.0427521550565,509.0693760019616,509.09571891295025,509.1217902869583,509.1475998667773,509.1731577302329,509.198474281056,509.2235602394586,509.24842663242646,509.27308478373243,509.29754630368524,509.32182307862126,509.3459272601501,509.3698712541651,509.3936677096256,509.4173295071301,509.44086974727986,509.4643017388569,509.4876389868159,509.51089518011156,509.5340841793646,509.5572200043858,509.5803168215637,509.6033889311351,509.6264507543416,509.6495168204922,509.6726017539411,509.6957202609955,509.71888711675774,509.7421171519289,509.76542523957295,509.7888262818601,509.8123351968012,509.8359669049891,509.8597363163485,509.8836583169243,509.90774775570264,509.9320194314921,509.9564880798671,509.9811683601922,510.0060748427358,510.03122199588853,510.05662417349293,510.08229560230563,510.10825036959403,510.13450241088435,510.1610654978731,510.18795322650755,510.215179005257,510.2427560435732,510.27069734056124,510.2990156738623,510.3277235887705,510.3568333875761,510.38635711916857,510.41630656888555,510.4466932486317,510.47752838727416,510.5088229213179,510.54058748587784,510.5728324059476,510.60556768797943,510.6388030117804,510.67254772272884,510.7068108243274,510.74160097108705,510.7769264617617,510.81279523292403,510.84921485290636,510.88619251609526,510.92373503759575,510.9618488482666,511.0005399901266,511.0398141121438,511.07967646640617,511.120131904678,511.16118487534425,511.2028394207461,511.24509917491,511.2879673616737,511.33144679320594,511.3755398689209,511.42024857479845,511.46557448309625,511.5115187524608,511.55808212843675,511.605264944375,511.65306712273053,511.7014881767583,511.7505272126013,511.80018293176306,511.85045363397103,511.90133722042344,511.9528311974109,512.0049326803206,512.0576383980075,512.1109446975344,512.1648475492756,512.2193425523749,512.2744249405586,512.3300895882915,512.3863310172725,512.443143403266,512.5005205832555,512.5584560629189,512.6169430244151,512.6759743344728,512.7355425527776,512.7956399406439,512.8562584699695,512.917389832455,512.9790254490919,513.0411564798931,513.1037738338767,513.1668681792722,513.2304299539571,513.2944493761003,513.3589164550132,513.423821002187,513.4891526425165,513.5549008256877,513.6210548377308,513.6876038127164,513.7545367445908,513.8218424991375,513.8895098260467,513.9575273710939,514.0258836884067,514.0945672528059,514.163566472218,514.2328697001428,514.3024652481597,514.3723413984679,514.4424864164447,514.5128885632092,514.5835361081856,514.6544173416394,514.7255205871948,514.7968342143057,514.8683466506728,514.9400463945989,515.0119220272609,515.0839622249034,515.1561557709233,515.2284915678442,515.3009586491725,515.3735461911126,515.4462435241401,515.5190401444181,515.5919257250445,515.664890127122,515.7379234106397,515.8110158451539,515.88415792026,515.9573403558461,516.030554112118,516.1037903993818,516.1770406875812,516.2502967155802,516.3235505001733,516.3967943448279,516.4700208481388,516.5432229119964,516.6163937494507,516.6895268922748,516.7626161982108,516.8356558578978,516.9086404014711,516.9815647048297,517.0544239955655,517.1272138585447,517.1999302411407,517.2725694581126,517.3451281961234,517.4176035178908,517.4899928659777,517.5622940662009,517.6345053306732,517.7066252604621,517.778652847872,517.8505874783395,517.9224289319486,517.9941773845549,518.0658334085275,518.1373979731006,518.2088724443349,518.2802585846965,518.3515585522413,518.4227748994158,518.4939105714724,518.5649689044992,518.6359536230635,518.7068688374833,518.7777190407123,518.8485091048543,518.9192442773042,518.9899301765229,519.0605727874455,519.1311784565324,519.2017538864633,519.2723061304819,519.3428425863963,519.41337099024,519.4838994096017,519.5544362366247,519.6249901806907,519.6955702607899,519.7661857975822,519.836846405163,519.9075619825423,519.9783427048328,520.0491990141742,520.120141610386,520.1911814413679,520.2623296932526,520.3335977803195,520.404997334684,520.4765401957667,520.5482383995583,520.6201041676809,520.692149896271,520.7643881446804,520.8368316240137,520.9094931855128,520.9823858087981,521.0555225899774,521.1289167296354,521.2025815207168,521.2765303363076,521.3507766173377,521.4253338602074,521.5002156043513,521.5754354197586,521.6510068944506,521.7269436219383,521.8032591886653,521.8799671614495,521.9570810749406,522.034614419097,522.1125806267019,522.1909930609297,522.2698650029665,522.3492096397101,522.4290400515504,522.5093692002492,522.5902099169264,522.6715748901661,522.7534766542549,522.8359275775647,522.9189398510883,523.0025254771397,523.0866962582346,523.171463786155,523.2568394312121,523.3428343317235,523.429459383698,523.5167252307633,523.6046422543211,523.6932205639564,523.7824699881039,523.8724000649792,523.9630200337886,524.0543388262205,524.1463650582314,524.2391070221302,524.3325726789728,524.4267696512715,524.5217052160255,524.6173862980818,524.713819463833,524.8110109152542,524.9089664842885,525.0076916275866,525.1071914215992,525.2074705580399,525.3085333397042,525.4103836766682,525.5130250828561,525.6164606729845,525.7206931598896,525.8257248522325,525.9315576525914,526.0381930559367,526.1456321484967,526.2538756070016,526.3629236983282,526.4727762795205,526.5834327982036,526.6948922933796,526.8071533966147,526.920214333601,527.0340729261058,527.1487265942973,527.2641723594446,527.3804068469934,527.4974262900063,527.6152265329706,527.733803035966,527.853150879186,527.9732647678129,528.094139037233,528.2157676585925,528.3381442446891,528.4612620561835,528.5851140081334,528.70969267684,528.8349903069933,528.9609988191219,529.0877098173206,529.215114597266,529.3432041544959,529.4719691929539,529.6014001337854,529.7314871243727,529.8622200476067,529.9935885313784,530.1255819582807,530.2581894755152,530.3914000049871,530.525202253578,530.6595847235893,530.7945357233449,530.9300433779309,531.0660956400789,531.2026803011644,531.3397850023208,531.4773972456452,531.6155044054976,531.7540937398695,531.8931524018138,532.0326674509291,532.1726258648777,532.313014550929,532.4538203575177,532.595030085802,532.7366305012074,532.8786083449539,533.0209503455388,533.1636432301789,533.3066737361884,533.4500286222872,533.5936946798253,533.7376587439131,533.8819077044435,534.0264285169992,534.1712082136264,534.3162339134747,534.4614928332813,534.606972297697,534.7526597494398,534.8985427592681,535.0446090357582,535.1908464348888,535.3372429694064,535.4837868179783,535.6304663341142,535.7772700548503,535.9241867091929,536.0712052263052,536.2183147434362,536.365504613584,536.5127644128825,536.6600839477079,536.8074532615032,536.9548626413045,537.1023026239749,537.2497640021336,537.3972378297792,537.5447154276021,537.6921883879816,537.8396485796662,537.9870881521308,538.1344995396147,538.281875464828,538.429208942337,538.5764932816164,538.7237220897746,538.8708892739497,539.0179890433725,539.165015911105,539.3119646954455,539.4588305210095,539.6056088194842,539.7522953300584,539.898886099532,540.045377482108,540.1917661388686,540.338049036937,540.4842234483393,540.6302869485542,540.776237414772,540.9220730238561,541.0677922500187,541.2133938622129,541.3588769212535,541.5042407766631,541.6494850632607,541.7946096974915,541.9396148735126,542.0845010590353,542.2292689909387,542.3739196706563,542.5184543593525,542.6628745728854,542.8071820765792,542.9513788798056,543.0954672303848,543.2394496088208,543.3833287223753,543.52710749899,543.6707890810736,543.8143768191601,543.9578742654401,544.1012851671949,544.2446134601237,544.3878632615872,544.5310388637732,544.6741447267989,544.8171854717515,544.9601658736894,545.1030908546076,545.2459654763784,545.3887949336796,545.5315845469204,545.6743397551761,545.817066109139,545.9597692640989,546.1024549729646,546.245129079329,546.3877975105987,546.5304662711857,546.6731414357856,546.8158291427316,546.9585355874541,547.101267016043,547.2440297189211,547.3868300246423,547.5296742938214,547.6725689131983,547.8155202898548,547.9585348455756,548.1016190113781,548.2447792222077,548.3880219117997,548.5313535077323,548.6747804266558,548.818309069715,548.9619458181709,549.1056970292174,549.2495690320076,549.3935681238846,549.5377005668273,549.681972584113,549.8263903571911,549.970960022787,550.11568767022,550.2605793389513,550.4056410163525,550.5508786357032,550.6962980744137,550.8419051524747,550.9877056311315,551.1337052117831,551.2799095351068,551.4263241804032,551.5729546651621,551.7198064448439,551.866884912879,552.0141954008739,552.161743179033,552.3095334567723,552.4575713835458,552.6058620498563,552.7544104884619,552.903221675765,553.052300533379,553.2016519298691,553.3512806826586,553.5011915600958,553.6513892836704,553.8018785303805,553.9526639352313,554.1037500938688,554.2551415653331,554.406842874927,554.5588585171847,554.7111929589473,554.8638506425165,555.0168359888895,555.1701534010688,555.3238072674217,555.477801965101,555.6321418635007,555.7868313277438,555.9418747221932,556.0972764139727,556.2530407764885,556.4091721929484,556.5656750598538,556.7225537904706,556.8798128182599,557.0374566002583,557.1954896204026,557.3539163927865,557.5127414648382,557.6719694204107,557.8316048827785,557.9916525175214,558.1521170352987,558.3130031944966,558.4743158037397,558.6360597242629,558.7982398721294,558.9608612202916,559.123928800483,559.2874477049319,559.4514230878974,559.6158601670095,559.7807642244143,559.9461406077124,560.1119947306884,560.2783320738215,560.4451581845732,560.6124786774465,560.7802992338118,560.9486256014914,561.1174635941057,561.2868190901683,561.4566980319296,561.6271064239708,561.7980503315354,561.9695358786059,562.1415692457153,562.3141566674983,562.487304429973,562.6610188675666,562.8353063598622,563.0101733280935,563.1856262313637,563.3616715626071,563.538315844283,563.715565623811,563.8934274687462,564.071907961699,564.2510136950001,564.4307512651166,564.6111272668218,564.7921482871236,564.9738208989546,565.1561516546342,565.3391470790982,565.5228136629137,565.7071578550788,565.892186055612,566.0779046079442,566.2643197911184,566.4514378118026,566.6392647961258,566.8278067813478,567.0170697073678,567.2070594080825,567.3977816026049,567.5892418863497,567.7814457219985,567.9743984303552,568.1681051810991,568.3625709834486,568.5578006767471,568.7537989209811,568.9505701872412,569.1481187481395,569.3464486681943,569.5455637941914,569.745467745541,569.9461639046328,570.1476554072101,570.3499451327692,570.5530356950003,570.7569294322792,570.9616283982274,571.1671343523448,571.3734487507367,571.5805727369396,571.7885071328658,571.9972524298701,572.2068087799616,572.4171759871642,572.6283534990405,572.8403403983932,573.0531353951538,573.266736818474,573.4811426090212,573.6963503115044,573.9123570674312,574.1291596081085,574.3467542479005,574.5651368777538,574.7843029589972,575.0042475174313,575.2249651377113,575.4464499580399,575.668695665173,575.8916954897489,576.1154422019544,576.3399281075278,576.5651450441121,576.7910843779687,577.0177370010455,577.2450933284287,577.4731432961585,577.701876359436,577.9312814912173,578.1613471811977,578.3920614351998,578.6234117749593,578.8553852383233,579.0879683798529,579.3211472718451,579.5549075057655,579.7892341941043,580.024111972648,580.2595250031754,580.495456976574,580.7318911163815,580.9688101827455,581.2061964768104,581.4440318455199,581.6822976868456,581.9209749554252,582.1600441686262,582.399485413013,582.6392783512275,582.8794022292786,583.119835884227,583.3605577522736,583.6015458772375,583.8427779194186,584.0842311648485,584.3258825349086,584.5677085963257,584.8096855715194,585.0517893493136,585.2939954959891,585.5362792666766,585.7786156170812,586.0209792155263,586.2633444553137,586.5056854673838,586.7479761332704,586.990190098342,587.232300785311,587.4742814080121,587.7161049854265,587.9577443559527,588.1991721919035,588.4403610142225,588.6812832074055,588.9219110346204,589.1622166530037,589.4021721291315,589.6417494546458,589.8809205620278,590.1196573404998,590.3579316520495,590.595715347562,590.8329802830381,591.0696983359005,591.3058414213615,591.5413815088484,591.7762906384642,592.0105409374788,592.2441046368328,592.4769540876404,592.7090617776803,592.9404003478585,593.1709426086327,593.4006615563825,593.6295303897136,593.8575225256823,594.0846116159278,594.3107715626986,594.5359765347628,594.7602009831833,594.9834196569549,595.2056076184799,595.4267402588813,595.646793313132,595.8657428749932,596.0835654117492,596.3002377787273,596.5157372335901,596.7300414503923,596.943128533386,597.1549770305705,597.3655659469694,597.5748747576305,597.7828834203351,597.9895723880085,598.194922620823,598.3989155979813,598.6015333291766,598.802758365715,599.0025738112988,599.2009633324545,599.3979111686062,599.5934021417813,599.7874216659455,599.9799557559564,600.1709910361313,600.3605147484292,600.5485147602254,600.7349795716942,600.9198983227758,601.1032607997366,601.285057441309,601.465279344413,601.6439182694518,601.8209666451812,601.9964175731486,602.1702648316956,602.3425028795283,602.5131268588499,602.6821325980492,602.8495166139562,603.0152761136491,603.1794089958215,603.3419138517075,603.5027899655624,603.6620373147038,603.8196565691056,603.9756490905572,604.130016931377,604.2827628326934,604.4338902222836,604.583403211984,604.7313065946635,604.8776058407707,605.0223070944564,605.165417169268,605.3069435434317,605.4468943547139,605.5852783948739,605.7221051037103,605.8573845627026,605.9911274882609,606.1233452245775,606.2540497360961,606.3832535995983,606.5109699959147,606.6372127012711,606.7619960782662,606.8853350664948,607.0072451728272,607.1277424613384,607.2468435429091,607.3645655644921,607.4809261980652,607.5959436292668,607.7096365457305,607.8220241251188,607.9331260228735,608.0429623596831,608.1515537086794,608.2589210823724,608.3650859193305,608.4700700706165,608.5738957859865,608.6765856998654,608.7781628171017,608.8786504985164,608.9780724462548,609.0764526889469,609.1738155666906,609.2701857158677,609.3655880537971,609.4600477632414,609.5535902767763,609.6462412610247,609.7380266007797,609.8289723830135,609.9191048807921,610.0084505370983,610.0970359485798,610.1848878492299,610.2720330940083,610.3584986424222,610.4443115420634,610.529498912127,610.614087926909,610.6981057993045,610.7815797643093,610.8645370625368,610.9470049237636,611.0290105505117,611.1105811016781,611.1917436762208,611.2725252969149,611.3529528941872,611.433053290036,611.5128531820545,611.5923791275578,611.6716575278334,611.7507146125168,611.8295764241079,611.9082688026357,611.9868173704791,612.0652475173572,612.1435843854983,612.2218528549922,612.3000775293414,612.3782827212156,612.4564924384238,612.5347303701042,612.6130198731549,612.691383958896,612.7698452799896,612.8484261176126,612.9271483688992,613.0060335346568,613.0851027073642,613.1643765594631,613.2438753319442,613.3236188232422,613.4036263784435,613.4839168788145,613.5645087316556,613.6454198604953,613.7266676956185,613.808269164948,613.8902406852769,613.9725981538636,614.0553569403885,614.13853187929,614.2221372624696,614.3061868323845,614.3906937755246,614.4756707162867,614.5611297112374,614.6470822437874,614.7335392192608,614.8205109603833,614.9080072031742,614.9960370932616,615.0846091826143,615.1737314266948,615.2634111820382,615.3536552042591,615.444469646487,615.5358600582314,615.6278313846823,615.7203879664436,615.8135335396987,615.9072712368157,616.0016035873882,616.0965325197078,616.1920593626811,616.2881848481712,616.3849091137863,616.4822317060929,616.5801515842663,616.6786671241728,616.777776122877,616.8774758035813,616.977762820987,617.0786332670775,617.1800826773218,617.2821060372924,617.3846977896958,617.4878518418104,617.5915615733272,617.6958198445926,617.8006190052425,617.9059509032273,618.0118068942198,618.1181778514019,618.225054175622,618.3324258059222,618.4402822304188,618.5486124975386,618.6574052276025,618.7666486247407,618.8763304891455,618.9864382296397,619.0969588765633,619.2078790949649,619.3191851980863,619.4308631611399,619.5428986353622,619.6552769623341,619.7679831885656,619.8810020803231,619.9943181387019,620.1079156149226,620.2217785258466,620.3358906697028,620.4502356420014,620.564796851641,620.679557537183,620.7945007832913,620.9096095373181,621.0248666260311,621.1402547724626,621.2557566128722,621.3713547138143,621.4870315892863,621.602769717958,621.7185515604614,621.8343595767278,621.9501762433649,622.0659840710525,622.1817656219523,622.29750352711,622.4131805038442,622.5287793731012,622.6442830767671,622.7596746949241,622.874937463031,622.9900547890245,623.105010270316,623.2197877106821,623.3343711370236,623.4487448159919,623.5628932704534,623.6768012957987,623.7904539760614,623.9038366998514,624.0169351760774,624.1297354494523,624.2422239157642,624.3543873369017,624.466212855623,624.5776880100509,624.688800747886,624.799539440321,624.9098928956507,625.0198503725582,625.1294015930686,625.2385367551616,625.3472465450254,625.4555221489463,625.5633552648194,625.6707381132685,625.7776634483721,625.8841245679787,625.9901153235982,626.0956301298711,626.2006639735943,626.3052124223053,626.4092716324016,626.5128383568078,626.6159099521582,626.718484385506,626.8205602405441,626.9221367233292,627.0232136675056,627.1237915390209,627.2238714403286,627.323455114072,627.4225449462393,627.5211439687971,627.6192558617845,627.7168849548711,627.8140362283752,627.9107153137375,628.0069284934486,628.1026827004246,628.1979855168373,628.2928451723895,628.3872705420331,628.481271143145,628.5748571321385,628.668039300526,628.7608290704333,628.8532384895562,628.9452802255771,629.0369675600244,629.1283143816001,629.2193351789575,629.3100450329475,629.4004596083307,629.4905951449612,629.5804684484476,629.6700968802991,629.7594983475545,629.8486912919149,629.9376946783693,630.0265279833357,630.1152111823162,630.2037647370801,630.2922095823769,630.3805671121966,630.4688591655788,630.5571080119868,630.6453363362533,630.7335672231086,630.8218241413044,630.9101309273435,630.9985117688259,631.0869911874272,631.1755940215173,631.2643454084362,631.3532707664366,631.4423957763119,631.5317463627177,631.6213486752057,631.7112290689802,631.8014140853991,631.891930432223,631.9828049636432,632.0740646600855,632.1657366078263,632.2578479784188,632.3504260079554,632.4434979761834,632.5370911854836,632.6312329397366,632.7259505230871,632.8212711786305,632.9172220870284,633.0138303450839,633.1111229442834,633.2091267493258,633.3078684766593,633.4073746730389,633.5076716941251,633.6087856831448,633.710742549621,633.8135679482043,633.9172872576083,634.0219255596827,634.1275076186242,634.2340578603582,634.3416003520997,634.4501587821123,634.559756439686,634.6704161953446,634.7821604813057,634.8950112722064,635.0089900661155,635.124117865836,635.2404151605367,635.3579019077031,635.476597515443,635.5965208251542,635.7176900945619,635.8401229811634,635.9638365260623,636.0888471382384,636.2151705792447,636.3428219483533,636.4718156681682,636.6021654707057,636.7338843839636,636.8669847189946,637.0014780574808,637.1373752398364,637.2746863538406,637.4134207238135,637.553586900342,637.6951926505701,637.8382449490605,637.9827499692304,638.1287130753805,638.2761388153152,638.4250309135628,638.5753922652063,638.7272249303271,638.8805301290674,639.0353082373174,639.1915587830277,639.3492804431601,639.5084710412672,639.6691275457144,639.8312460685387,639.9948218649531,640.1598493334915,640.3263220167976,640.4942326030551,640.6635729280648,640.8343339779594,641.0065058925596,641.180077969369,641.3550386681993,641.5313756164314,641.7090756149025,641.8881246444147,642.0685078728615,642.2502096629689,642.4332135806397,642.6175024039001,642.8030581324351,642.989861997714,643.1778944736851,643.3671352880476,643.557563434074,643.749157182986,643.9418940968683,644.135751042113,644.3307042033782,644.5267290980552,644.7238005912292,644.9218929111224,645.1209796650046,645.3210338555637,645.5220278977149,645.7239336358411,645.926722361446,646.1303648312114,646.3348312854332,646.540091466835,646.7461146397279,646.9528696095167,647.1603247425245,647.368447986123,647.5772068891578,647.7865686226382,647.9965000006914,648.2069675017507,648.4179372899665,648.6293752368219,648.841246942932,649.0535177600162,649.2661528130152,649.4791170223477,649.6923751262746,649.9058917033644,650.1196311950346,650.3335579281537,650.5476361376855,650.761829989357,650.9761036023286,651.1904210718583,651.4047464919274,651.6190439778229,651.8332776886521,652.0474118497694,652.261410775106,652.4752388893756,652.6888607501451,652.9022410697504,653.1153447370423,653.3281368389407,653.540582681787,653.7526478124735,653.964298039337,654.1754994527987,654.3862184457342,654.5964217335583,654.8060763740152,655.0151497866492,655.2236097719516,655.4314245301596,655.6385626797068,655.8449932752957,656.0506858255959,656.255610310539,656.459737198214,656.6630374613355,656.8654825932907,657.067044623734,657.2676961337394,657.4674102704844,657.6661607614625,657.8639219282175,658.0606686995826,658.256376624428,658.451021883893,658.6445813031127,658.8370323624184,659.0283532080132,659.2185226621125,659.4075202325478,659.5953261218248,659.7819212356324,659.9672871908023,660.1514063227082,660.3342616921084,660.5158370914261,660.6961170504649,660.8750868415593,661.0527324841578,661.229040748839,661.4039991607581,661.5775960025297,661.7498203165393,661.9206619066932,662.0901113396023,662.2581599452037,662.4247998168266,662.5900238106972,662.753825544896,662.916199397762,663.0771405057577,663.2366447607897,663.3947088069979,663.5513300370148,663.7065065877051,663.8602373353852,664.012521890535,664.1633605920098,664.3127545007542,664.4607053930295,664.6072157531682,664.7522887658513,664.8959283079292,665.03813893979,665.1789258962857,665.3182950772283,665.4562530374598,665.5928069765132,665.7279647278742,665.8617347478505,665.9941261040648,666.125148463577,666.2548120806546,666.3831277841982,666.5101069648331,666.6357615616861,666.7601040488524,666.8831474215656,667.0049051820928,667.1253913253545,667.2446203242921,667.3626071149909,667.4793670815758,667.5949160408883,667.7092702269618,667.8224462753077,667.9344612070255,668.0453324127485,668.1550776364445,668.2637149590776,668.3712627821487,668.477739811132,668.583165038809,668.6875577285294,668.7909373974,668.8933237994197,668.994736908576,669.0951969019095,669.1947241425717,669.2933391628724,669.3910626473452,669.4879154158391,669.5839184066401,669.6790926596532,669.7734592996379,669.8670395195247,669.9598545638186,670.0519257120986,670.1432742626353,670.2339215161217,670.3238887595489,670.4131972502225,670.5018681999356,670.5899227593115,670.6773820023258,670.7642669110155,670.8505983603877,670.9363971035415,671.0216837570027,671.1064787862915,671.1908024917269,671.2746749944781,671.3581162228716,671.4411458989584,671.5237835253622,671.6060483723961,671.6879594654768,671.7695355728276,671.8507951934864,671.9317565456205,672.012437555156,672.0928558447309,672.1730287229725,672.2529731741098,672.3327058479204,672.4122430500227,672.4916007325143,672.5707944849605,672.6498395257425,672.7287506937582,672.8075424404904,672.8862288224391,672.9648234939232,673.0433397002462,673.1217902712441,673.200187615203,673.2785437131491,673.3568701135232,673.4351779272249,673.5134778230429,673.5917800234572,673.6700943008237,673.7484299739366,673.8267959049633,673.9052004967647,673.9836516905821,674.0621569641025,674.1407233298911,674.219357334199,674.2980650561324,674.3768521071897,674.4557236311573,674.5346843043656,674.6137383362959,674.692889470545,674.7721409861247,674.8514956991154,674.9309559646497,675.0105236792317,675.0902002833811,675.1699867646062,675.2498836606843,675.3298910632607,675.41000862175,675.4902355475351,675.570570618461,675.65101218361,675.7315581683645,675.8122060797303,675.8929530119344,675.9737956522758,676.0547302872235,676.1357528087653,676.2168587209818,676.2980431468499,676.3793008352663,676.4606261682816,676.5420131685288,676.6234555068527,676.7049465101195,676.7864791692024,676.8680461471349,676.94963978742,677.0312521224881,677.1128748822978,677.1944995030592,677.2761171360886,677.3577186567652,677.4392946735975,677.5208355373766,677.6023313504177,677.6837719758726,677.7651470471094,677.8464459771444,677.9276579681223,678.0087720208303,678.0897769442417,678.1706613650729,678.2514137373535,678.3320223519892,678.4124753463212,678.4927607136567,678.5728663127794,678.652779877416,678.7324890256564,678.8119812693218,678.8912440232607,678.9702646145802,679.0490302917863,679.1275282338407,679.2057455591139,679.2836693342331,679.3612865828143,679.4385842940736,679.5155494313009,679.5921689402035,679.6684297570965,679.7443188169444,679.8198230612425,679.8949294457259,679.9696249479094,680.043896574449,680.1177313683086,680.1911164157414,680.264038853071,680.336485873266,680.4084447323064,680.4799027553383,680.5508473426029,680.6212659751473,680.6911462203029,680.7604757369318,680.8292422804384,680.8974337075384,680.9650379807856,681.0320431728512,681.0984374705517,681.1642091786329,681.2293467232869,681.2938386554234,681.3576736536779,681.4208405271613,681.483328217952,681.5451258033199,681.6062224976959,681.6666076543746,681.7262707669588,681.7852014705339,681.8433895425949,681.9008249036992,681.9574976178683,682.0133978927312,682.06851607941,682.1228426721517,682.1763683077113,682.2290837644839,682.2809799613906,682.3320479565238,682.3822789455512,682.4316642598876,682.4801953646282,682.5278638562653,682.5746614601718,682.6205800278746,682.6656115341088,682.7097480736721,682.7529818580663,682.7953052119547,682.8367105694189,682.8771904700385,682.916737554787,682.9553445617624,682.99300432175,683.0297097536281,683.0654538596254,683.1002297204343,683.134030490187,683.1668493913116,683.1986797092599,683.2295147871293,683.2593480201796,683.2881728502542,683.3159827601199,683.3427712677196,683.3685319203629,683.3932582888563,683.4169439615771,683.4395825385094,683.4611676252423,683.4816928269472,683.5011517423363,683.519537957618,683.5368450404524,683.5530665339188,683.5681959505063,683.5822267661329,683.5951524142056,683.6069662797279,683.6176616934648,683.6272319261768,683.6356701829274,683.6429695974757,683.6491232267659,683.6541240455141,683.6579649409109,683.66063870744,683.6621380418303,683.662455538137,683.6615836829765,683.6595148509073,683.6562412999748,683.6517551674252,683.6460484655923,683.6391130779739,683.6309407554941,683.6215231129629,683.6108516257486,683.5989176266495,683.5857123029934,683.5712266939553,683.5554516881091,683.5383780212096,683.5199962742197,683.5002968715827,683.4792700797436,683.456906005928,683.4331945971785,683.4081256396602,683.3816887582245,683.353873416256,683.32466891578,683.2940643978607,683.2620488432681,683.2286110734326,683.1937397516823,683.1574233847632,683.1196503246499,683.0804087706392,683.0396867717367,682.9974722293277,682.9537529001382,682.9085163994822,682.861750204801,682.81344165948,682.7635779769602,682.7121462451227,682.6591334309634,682.6045263855402,682.5483118491954,682.4904764570572,682.431006744803,682.3698891546929,682.3071100418653,682.2426556808828,682.1765122725429,682.1086659509247,682.0391027906842,681.9678088145832,681.8947700012537,681.8199722931811,681.7434016049106,681.6650438314618,681.5848848569511,681.5029105634064,681.4191068397789,681.3334595911276,681.2459547479883,681.1565782758993,681.0653161850875,680.9721545403072,680.8770794708093,680.7800771804518,680.6811339579219,680.5802361870761,680.4773703573791,680.3725230744369,680.2656810706087,680.1568312156968,680.0459605276915,679.9330561835709,679.8181055301433,679.7010960949149,679.5820155969817,679.460851957928,679.3375933127227,679.212228020604,679.0847446759376,678.955132119045,678.8233794469791,678.6894760242479,678.5534114934709,678.4151757859504,678.2747591321607,678.1321520721298,677.9873454657154,677.8403305027525,677.6910987130715,677.5396419763712,677.385952531937,677.2300229881939,677.0718463320841,676.9114159382575,676.7487255780729,676.5837694283807,676.4165420801036,676.2470385465818,676.0752542716912,675.9011851377113,675.724827472945,675.5461780590718,675.3652341382355,675.1819934198489,674.9964540871161,674.8086148032535,674.6184747174121,674.4260334702919,674.2312911994346,674.0342485441957,673.8349066503827,673.6332671745629,673.4293322880193,673.223104680369,673.0145875628181,672.8037846710662,672.5907002678415,672.3753391450707,672.1577066256806,671.9378085650203,671.7156513519049,671.4912419092831,671.2645876945139,671.0356966992624,670.8045774490075,670.571239002156,670.3356909487709,670.097943408907,669.8580070305532,669.6158929871871,669.3716129749329,669.1251792093358,668.8766044217414,668.6259018552897,668.3730852605256,668.1181688906188,667.8611674962133,667.6020963198882,667.3409710902531,667.0778080156656,666.8126237775875,666.5454355235748,666.2762608599137,666.0051178439,665.7320249757796,665.4570011903386,665.1800658481632,664.9012387265757,664.6205400102407,664.3379902814636,664.0536105101803,663.767422043647,663.4794465958414,663.1897062365803,662.8982233803624,662.6050207749485,662.3101214896836,662.0135489035752,661.7153266931335,661.4154788199842,661.1140295182674,660.8110032818294,660.5064248512172,660.20031920049,659.8927115238589,659.5836272221579,659.2730918891734,658.9611312978242,658.6477713862179,658.3330382435922,658.0169580961515,657.6995572928058,657.3808622908374,657.0608996414944,656.7396959755282,656.4172779886904,656.0936724271972,655.7689060731727,655.4430057300912,655.1159982082227,654.7879103100945,654.4587688159905,654.1286004694881,653.7974319630555,653.4652899237155,653.1322008987908,652.7981913417409,652.4632875981075,652.1275158915751,651.7909023101596,651.4534727925433,651.1152531145573,650.7762688758314,650.4365454866195,650.096108154815,649.7549818731579,649.4131914066609,649.0707612802473,648.727715766625,648.3840788743994,648.0398743364391,647.6951255985006,647.3498558081251,647.0040878038184,646.6578441045143,646.3111468993407,645.9640180376907,645.6164790196101,645.2685509865053,644.9202547121863,644.5716105942449,644.2226386457776,643.8733584874614,643.52378933999,643.173950016872,642.823858917599,642.473534021192,642.1229928801253,641.772252614637,641.4213299074313,641.0702409987704,640.7190016819641,640.3676272992634,640.0161327381529,639.664532428051,639.3128403374177,638.9610699712676,638.6092343691033,638.2573461032449,637.9054172775877,637.553459526759,637.2014840156943,636.8495014396221,636.497522024456,636.1455555276001,635.793611239158,635.4416979835471,635.0898241215144,634.7379975525504,634.3862257177019,634.0345156027719,633.6828737419124,633.3313062215918,632.9798186849542,632.6284163365389,632.2771039473745,631.925885860433,631.5747659964414,631.2237478600396,630.8728345462823,630.5220287474751,630.1713327603404,629.820748493499,629.4702774752686,629.1199208617597,628.7696794452722,628.4195536629727,628.0695436058506,627.7196490279433,627.3698693558127,627.0202036982756,626.6706508563686,626.3212093335379,625.9718773460493,625.6226528336013,625.2735334701332,624.9245166748169,624.5755996232197,624.2267792586307,623.8780523035332,623.5294152712161,623.1808644775101,622.8323960526385,622.4840059531693,622.1356899740557,621.787443760756,621.4392628214172,621.0911425391106,620.7430781841109,620.3950649262019,620.0470978469948,619.6991719522568,619.3512821842253,619.0034234339028,618.6555905533195,618.3077783677492,617.959981687867,617.6121953218387,617.2644140873281,616.9166328234098,616.5688464023767,616.2210497414342,615.8732378142572,615.5254056624184,615.1775484066579,614.8296612579906,614.4817395286451,614.1337786428174,613.7857741472272,613.437721721474,613.0896171881767,612.741456522889,612.393235863782,612.0449515210835,611.6965999862624,611.3481779409572,610.9996822656302,610.6511100479457,610.3024585908648,609.953725420441,609.6049082933229,609.2560052039407,608.9070143913854,608.5579343459625,608.2087638154205,607.8595018108492,607.510147612232,607.1607007736651,606.8111611282235,606.4615287924745,606.1118041706382,605.7619879583856,605.4120811462747,605.0620850228238,604.7120011772124,604.3618315016132,604.0115781931561,603.6612437555119,603.3108310001076,602.9603430469652,602.6097833251665,602.2591555729391,601.9084638373749,601.5577124737697,601.2069061445947,600.8560498180952,600.5051487665241,600.1542085640083,599.8032350840524,599.452234496682,599.1012132652363,598.7501781428019,598.399136168303,598.0480946622497,597.6970612221439,597.3460437175584,596.9950502848859,596.6440893217662,596.293169481201,595.9422996653637,595.5914890190993,595.2407469231434,594.8900829870431,594.5395070418087,594.1890291322923,593.8386595093039,593.4884086214759,593.138287106886,592.7883057844422,592.4384756450422,592.0888078425247,591.7393136844034,591.3900046224169,591.0408922428865,590.6919882569002,590.3433044903388,589.9948528737381,589.64664543202,589.2986942740848,588.9510115822877,588.6036096018054,588.2565006299085,587.909697005143,587.5632110964447,587.2170552921887,586.8712419891881,586.5257835816569,586.1806924501454,585.8359809504609,585.491661402589,585.1477460796201,584.804247196702,584.4611769000234,584.1185472558441,583.7763702395812,583.4346577249678,583.0934214732871,582.7526731227058,582.4124241777051,582.0726859986326,581.733469791378,581.3947865971865,581.0566472826245,580.7190625297031,580.3820428261735,580.0455984560011,579.7097394900367,579.374475776885,579.0398169339877,578.7057723389274,578.3723511209631,578.0395621528091,577.7074140426597,577.3759151264728,577.0450734605251,576.714896814241,576.385392663301,576.0565681830485,575.7284302421893,575.4009853968021,575.074239884658,574.7481996198595,574.422870187811,574.0982568405104,573.7743644921875,573.4511977152783,573.1287607367492,572.8070574347715,572.4860913357508,572.1658656117177,571.8463830780807,571.5276461917426,571.2096570495877,570.89241738734,570.5759285787913,570.2601916354059,569.9452072063009,569.6309755785976,569.3174966781582,569.0047700706896,568.6927949632278,568.3815702059983,568.0710942946471,567.7613653728472,567.4523812352738,567.1441393309492,566.8366367669489,566.5298703124773,566.2238364032958,565.9185311465079,565.6139503256982,565.3100894064112,565.0069435419798,564.7045075796824,564.4027760672341,564.101743259603,563.8014031261421,563.5017493580355,563.2027753760474,562.9044743385685,562.6068391499532,562.3098624691364,562.0135367185284,561.7178540931683,561.4228065701394,561.1283859182288,560.8345837078259,560.5413913210488,560.248799962092,559.956800667775,559.6653843182987,559.3745416481829,559.0842632573844,558.7945396225778,558.5053611085933,558.2167179799993,557.9286004128148,557.6409985063442,557.3539022951206,557.0673017609446,556.781186845013,556.4955474601138,556.2103735028879,555.9256548661374,555.6413814511686,555.357543180161,555.0741300085483,554.7911319373957,554.5085390257659,554.2263414030604,553.9445292813192,553.6630929674706,553.3820228755205,553.1013095386619,552.8209436212994,552.5409159309719,552.2612174301631,551.981839247987,551.702772691738,551.4240092582917,551.1455406453448,550.8673587624825,550.5894557420661,550.3118239499217,550.0344559958259,549.7573447437715,549.4804833220095,549.2038651328494,548.9274838622155,548.651333488938,548.3754082937824,548.0997028681965,547.8242121227694,547.548931295401,547.2738559591536,546.9989820298043,546.7243057730615,546.4498238114603,546.175533130917,545.9014310869388,545.6275154104811,545.3537842134465,545.0802359938189,544.806869640426,544.533684437326,544.2606800678128,543.9878566180315,543.7152145802073,543.4427548554746,543.1704787563108,542.8983880085653,542.6264847530831,542.3547715469199,542.0832513641504,541.8119275962596,541.5408040521238,541.2698849575756,540.9991749545572,540.7286790998518,540.4584028634067,540.1883521262397,539.9185331779305,539.6489527137005,539.3796178310859,539.1105360261979,538.8417151895835,538.5731636016778,538.304889927862,538.0369032131241,537.7692128763309,537.501828704114,537.2347608443698,536.9680197993918,536.7016164186261,536.4355618910668,536.1698677372918,535.9045458011483,535.6396082410988,535.3750675212244,535.1109364019048,534.8472279301777,534.5839554297861,534.321132490923,534.0587729596842,533.7968909272345,533.5355007187031,533.2746168818112,533.0142541752489,532.7544275568064,532.4951521712716,532.2364433381124,531.9783165389381,531.7207874047723,531.4638717031321,531.2075853249348,530.9519442712382,530.6969646398352,530.4426626117031,530.1890544373342,529.9361564229457,529.6839849165929,529.432556294196,529.1818869454877,528.9319932599047,528.6828916124255,528.4345983493788,528.1871297742232,527.9405021333249,527.6947316017395,527.4498342690066,527.2058261249824,526.9627230457162,526.7205407793806,526.4792949322825,526.2390009549493,525.9996741283209,525.7613295500479,525.5239821209185,525.2876465314206,525.0523372484511,524.8180685021964,524.5848542731773,524.3527082794911,524.1216439642488,523.8916744832235,523.6628126927288,523.4350711377236,523.2084620401724,522.9829972876569,522.7586884222634,522.5355466297443,522.3135827289733,522.0928071616997,521.8732299826161,521.6548608497408,521.4377090151355,521.22178331596,521.0070921658713,520.7936435467828,520.5814450009849,520.3705036236386,520.1608260556468,519.9524184769139,519.745286599994,519.5394356641459,519.3348704297856,519.1315951733517,518.9296136825913,518.7289292522586,518.5295446802473,518.3314622641448,518.1346837982237,517.9392105708671,517.7450433624339,517.5521824435647,517.3606275739311,517.1703780014274,516.9814324618127,516.7937891787942,516.6074458645614,516.422399720764,516.2386474399366,516.0561852073711,515.8750087034252,515.6951131062849,515.516493095151,515.3391428538773,515.1630560750322,514.9882259643948,514.814645245878,514.6423061668701,514.4712005039976,514.3013195692954,514.132654216792,513.9651948494832,513.7989314267122,513.6338534719307,513.4699500808414,513.307209929917,513.1456212852818,512.9851720119523,512.8258495834256,512.6676410916104,512.5105332570888,512.3545124396979,512.1995646494269,512.0456755576105,511.89283050842437,511.7410145306506,511.59021234972215,511.44040840002185,511.29158683743117,511.14373155211604,510.99682618153463,510.85085412366215,510.70579855041166,510.5616424212447,510.41836849695795,510.27595935363235,510.1343973967281,509.99366487532336,509.85374389646967,509.7146164396606,509.57626437139686,509.4386694598361,509.30181338950604,509.1656777760819,509.0302441811998,508.8954941273018,508.76140911249297,508.62797062540415,508.49516016003406,508.36295923057304,508.23134938618074,508.1003122257107,507.96982941236894,507.8398826882893,507.7104538890151,507.58152495787044,507.45307796021257,507.32509509754675,507.1975587214943,507.070451347602,506.9437556689713,506.8174545697098,506.6915311381774,506.5659686800236,506.4407507310036,506.3158610695556,506.19128372913644,506.0670030102952,505.9430034924817,505.8192700455712,505.6957878411018,505.5725423632106,505.4495194192588,505.3267051501365,505.20408604023584,505.08164892709146,504.9593810106631,504.8372698622736,504.715303433173,504.5934700627364,504.47175848628115,504.3501578424957,504.22865768047865,504.1072479663763,503.98591908961356,503.86466186872025,503.7434675567343,503.6223278461865,503.5012348736667,503.38018122394953,503.2591599336962,503.13816449472256,503.0171888568205,502.8962274301459,502.7752750871639,502.65432716414557,502.53337946222837,502.41242824802345,502.2914702537813,502.17050267711556,502.0495231802747,501.9285298889787,501.80752139080937,501.6864967331617,501.5654554207615,501.44439741274357,501.32332311930134,501.20223339791113,501.0811295491285,500.9600133119684,500.8388868588721,500.7177527902627,500.5966141286991,500.4754743126311,500.3543371897665,500.2332070100507,500.11208841827295,499.9909864462985,499.86990650494363,499.7488543754957,499.62783620088595,499.50685847652903,499.3859280408359,499.26505206540367,499.1442380449074,499.0234937866829,498.9028274000314,498.78224728524293,498.6617621223543,498.54138085964985,498.42111270192595,498.3009670985146,498.1809537310934,498.0610825012826,497.94136351805133,497.8218070849333,497.702423687079,497.58322397814436,497.4642187670323,497.3454190045072,497.22683576968734,497.1084802564291,496.9903637596187,496.8724976613845,496.75489341724733,496.63756254220783,496.5205165968048,496.4037671731416,496.28732588090213,496.17120433336845,496.0554141334528,495.9399668597581,495.824874052682,495.71014720057116,495.59579772595225,495.48183697183765,495.3682761881321,495.25512651814256,495.142398985215,495.03010447950174,494.9182537448759,494.8068573660093,494.69592575561717,494.5854691418914,494.4754975561297,494.3660208205707,494.25704853645004,494.14859007229165,494.0406545524355,493.9332508458249,493.82638755505263,493.72007300568623,493.6143152358777,493.5091219862659,493.4045006901853,493.3004584641892,493.197002098893,493.09413805015254,492.9918724305797,492.89021100140747,492.78915916471044,492.6887219559858,492.5889040371104,492.4897096896673,492.3911428086565,492.29320689660125,492.1959050580385,492.09923999441514,492.0032139993873,491.90782895452406,491.8130863254299,491.7189871582762,491.6255320767566,491.53272127946036,491.44055453767334,491.3490311935989,491.2581501590124,491.1679099143419,491.07830850817135,490.98934355718666,490.90101224653347,490.8133113306184,490.726237134331,490.6397855546863,490.55395206290285,490.4687317068933,490.38411911417705,490.30010849521,490.21669364712506,490.1338679578807,490.05162441081654,489.96995558960623,489.88885368360513,489.80831049358903,489.7283174378723,489.6488655588098,489.5699455296612,489.49154766182653,489.41366191243327,489.3362778922755,489.2593848740926,489.1829718011805,489.10702729632806,489.03153967106937,488.95649693523933,488.88188680683055,488.80769672213376,488.7339138461547,488.6605250833027,488.58751708832943,488.5148762775162,488.44258884009605,488.37064074989667,488.2990177771976,488.2277055007868,488.1566893202035,488.0859544681611,488.0154860231302,487.9452689220758,487.87528797333414,487.8055278696141,487.7359732011157,487.6666084687464,487.5974180974272,487.5283864494776,487.45949783805514,487.3907365406518,487.3220868126235,487.2535329007401,487.1850590567495,487.1166495509353,487.04828868566034,486.9799608088764,486.91165032759795,486.84334172131156,486.775019555323,486.7066684940195,486.6382733140409,486.5698189173346,486.50129034410327,486.4326727856095,486.36395159684196,486.2951123090186,486.22614064192965,486.15702251608775,486.08774406469865,486.0182916454163,485.94865185188894,485.87881152507623,485.80875776433044,485.73847793822927,485.66795969514635,485.59719097356174,485.52616001208514,485.4548553591961,485.38326588268586,485.31138077879444,485.239189581028,485.1666821686604,485.0938487748957,485.02067999469904,484.94716679227247,484.8733005081881,484.7990728661489,484.724475979393,484.6495023567216,484.5741449081456,484.4983969501558,484.4222522105969,484.34570483315616,484.26874938144823,484.1913808427057,484.113594631061,484.0353865904229,483.956752996946,483.8776905610819,483.79819642922774,483.7182681849476,483.63790384978836,483.5571018836757,483.4758611848918,483.39418108964026,483.31206137119597,483.2295022386368,483.1465043351675,483.06306873602955,482.97919694600466,482.89489089651084,482.8101529422963,482.72498585773536,482.6393928327264,482.5533774682019,482.4669437712507,482.380096149855,482.2928394072595,482.2051787359632,482.11711971134946,482.02866828495684,481.93983077740234,481.85061387095675,481.7610246017863,481.6710703518631,481.58075884055756,481.49009811591804,481.39909654564536,481.3077628077746,481.2161058810706,481.1241350351497,481.0318598203322,480.9392900572443,480.84643582616746,480.7533074561611,480.659915513954,480.56627079262694,480.4723843000917,480.378267247381,480.28393103675705,480.18938724965386,480.0946476344674,479.99972409419615,479.9046286739567,479.80937354837533,479.71397100887873,479.6184334508844,479.5227733609155,479.427003303644,479.3311359088776,479.2351838585064,479.1391598734143,479.04307670037815,478.94694709896044,478.8507838284063,478.75459963457047,478.6584072368672,478.5622193152758,478.46604849740095,478.3699073456077,478.2738083442374,478.1777638869248,478.08178626402173,477.9858876501479,477.8900800918658,477.7943754955133,477.6987856151868,477.6033220408957,477.5079961868993,477.4128192802372,477.3178023494613,477.22295621358353,477.1282914712513,477.0338184901563,476.9395473966931,476.8454880658706,476.75165011149636,476.6580428766294,476.5646754243244,476.4715565286692,476.3786946661241,476.2860980071746,476.19377440830294,476.10173140428833,476.0099762008428,475.9185156675884,475.8273563313843,475.7365043700109,475.6459656062134,475.5557455021167,475.46584915401047,475.3762812875155,475.28704625313077,475.1981480221696,475.10959018308677,475.0213759382025,474.933508100821,474.84598909275417,474.7588209422458,474.6720052823058,474.5855433494456,474.4994359828279,474.41368362382224,474.32828631597295,474.24324370537516,474.1585550414616,474.07421917819784,473.99023457568705,473.9065993021775,473.82331103647743,473.7403670707719,473.6577643138382,473.5754992946561,473.49356816641443,473.41196671090495,473.33069034329753,473.2497341173031,473.16909273070394,473.0887605312589,473.0087315229705,472.928999372711,472.8495574171991,472.7703986703225,472.6915158307992,472.61290129016476,472.5345471410909,472.45644518600614,472.37858694603716,472.30096367023657,472.2235663451031,472.14638570438274,472.0694122391389,471.99263620808097,471.91604764814423,471.8396363853124,471.7633920456638,471.68730406664054,471.6113617085243,471.53555406610786,471.4598700805541,471.38429855142397,471.30882814887093,471.23344742598385,471.15814483126866,471.08290872125247,471.00772737320614,470.9325889979661,470.8574817528413,470.7823937546037,470.7073130925346,470.6322278415263,470.5571260752199,470.4819958791672,470.4068253640088,470.3316026786443,470.2563160233965,470.1809536631431,470.1055039404124,470.02995528842433,469.9542962440689,469.8785154608044,469.802601721466,469.72654395097067,469.6503312289072,469.57395280199853,469.49739809642097,469.42065672997353,469.3437185240825,469.26657351562676,469.1892119685793,469.11162438544477,469.0338015184881,468.95573438073967,468.87741425676967,468.7988327132154,468.7199816090556,468.640853105619,468.56143967632033,468.4817341161092,468.4017295506251,468.3214194450521,468.2407976126559,468.15985822300627,468.0785958098644,467.99700527873625,467.9150819140809,467.8328213861645,467.7502197575551,467.66727348925514,467.5839794464547,467.50033490391183,467.4163375509442,467.3319854960365,467.24727727104533,467.16221183501494,467.07678857758015,466.99100732197144,466.90486832759774,466.81837229222987,466.73152035375637,466.64431409152667,466.55675552727246,466.46884712561007,466.38059179411425,466.29199288297497,466.2030541842298,466.1137799305683,466.02417479371957,465.9342438824164,465.84399273993614,465.7534273412301,465.66255408962826,465.5713798131373,465.47991176032514,465.3881575957995,465.2961253952811,465.2038236402817,465.11126121238215,465.0184473871293,464.9253918275369,464.83210457722055,464.7385960531509,464.6448770380457,464.5509586724034,464.45685244617823,464.3625701901213,464.268124066774,464.1735265611419,464.07879047104376,463.983928897148,463.8889552327148,463.79388315303436,463.6987266045919,463.60349979395414,463.5082171763933,463.41289344426207,463.317543515122,463.22218251964557,463.1268257892963,463.031488843801,462.936187378427,462.84093725107283,462.7457544691878,462.65065517653056,462.55565563978,462.46077223500964,462.36602143403945,462.2714197906787,462.17698392686935,462.0827305187486,461.9886762826341,461.89483796095783,461.80123230815195,461.70787607650027,461.61478600197796,461.521978790081,461.42947110166216,461.3372795387988,461.24542063068145,461.1539108195627,461.0627664467611,460.97200373874205,460.8816387932842,460.7916875657521,460.70216585547513,460.613089292262,460.52447332304655,460.4363331986899,460.3486839609494,460.261540429619,460.1749171898627,460.088828579751,460.0032886780035,459.9183112919636,459.8339099458044,459.75009786898454,459.66688798496085,459.58429290017006,459.50232489329204,459.4209959047963,459.340317526798,459.2603009932134,459.1809571702384,459.10229654715624,459.02432922747727,458.947064920425,458.8705129327771,458.79468216106255,458.71958108413054,458.64521775609353,458.57159979964763,458.498734399789,458.42662829791567,458.35528778633443,458.2847187031708,458.21492642768635,458.1459158760133,458.0776914973048,458.010257270308,457.94361670035744,457.8777728168042,457.8127281708662,457.74848483391554,457.685044396198,457.6224079659854,457.56057616916667,457.4995491492689,457.43932656791924,457.37990760573837,457.32129096366856,457.26347486473503,457.2064570562351,457.1502348123603,457.09480493723834,457.04016376840354,456.9863071806825,456.9332305904966,456.88092896057515,456.8293968050754,456.7786281951034,456.7286167646295,456.67935571679726,456.6308378306114,456.5830554680079,456.53600058129,456.48966472092945,456.4440390437213,456.39911432128963,456.35488094892617,456.311328954764,456.2684480092696,456.226227435049,456.1846562169526,456.1437230124772,456.10341616244386,456.0637237019537,456.0246333715992,455.98613262892843,455.9482086601476,455.91084839204973,455.87403850415717,455.8377654410731,455.8020154250196,455.7667744685532,455.7320283874557,455.6977628137682,455.66396320897474,455.63061487730965,455.5977029791836,455.56521254470846,455.53312848731446,455.50143561743954,455.4701186562851,455.43916224961526,455.40855098159886,455.3782693886652,455.3483019733736,455.3186332182767,455.2892475997613,455.26012960186324,455.2312637300308,455.20263452483135,455.1742265755851,455.1460245339143,455.118013127189,455.09017717186634,455.06250158669985,455.03497140581254,455.00757179161997,454.98028804758815,454.9531056308166,454.92601016443325,454.89898744978984,454.87202347844357,454.8451044439151,454.8182167532166,454.79134703812474,454.76448216620514,454.73760925156364,454.71071566532146,454.6837890458012,454.65681730841646,454.6297886552516,454.60269158432527,454.57551489852824,454.548247714229,454.52087946953037,454.4933999321851,454.4657992071424,454.43806774374013,454.4101963425146,454.38217616164053,454.3539987229794,454.32565591774136,454.29714001175137,454.2684436503102,454.23955986265725,454.21048206601876,454.1812040692438,454.1517200760262,454.1220246877055,454.09211290564497,454.06198013318925,454.0316221771936,454.0010352491295,453.97021596575837,453.93916134938326,453.9078688276688,453.87633623303515,453.8445618016268,453.8125441718556,453.7802823825198,453.7477758705053,453.71502446806466,453.68202839968524,453.64878827854,453.61530510253556,453.58158024995674,453.54761547470576,453.5134129011541,453.47897501860325,453.44430467536296,453.4094050724523,453.37427975693373,453.33893261487964,453.3033678639868,453.2675900458413,453.23160401784634,453.19541494481285,453.1590282902321,453.1224498072343,453.08568552923805,453.04874176031035,453.0116250652378,452.97434225932517,452.9369003979275,452.89930676572965,452.8615688657837,452.8236944083127,452.78569129929764,452.7475676288521,452.7093316594024,452.6709918136856,452.6325566625687,452.5940349127147,452.55543539409854,452.51676704738543,452.4780389111953,452.4392601092503,452.40043983743044,452.3615873507465,452.3227119502433,452.2838229698465,452.24492976316964,452.2060416902842,452.1671681044857,452.1283183390461,452.08950169398315,452.05072742285665,452.01200471959385,451.97334270537647,451.93475041558406,451.89623678682193,451.8578106440342,451.81948068772584,451.7812554812971,451.74314343851574,451.70515281112137,451.6672916765941,451.6295679260858,451.5919892525365,451.5545631389745,451.5172968470305,451.48019740565945,451.4432716000956,451.40652596103905,451.36996675410165,451.3335999695016,451.2974313120396,451.2614661913484,451.2257097124372,451.190166666536,451.1548415222479,451.1197384170242,451.08486114896425,451.05021316895477,451.0157975731492,450.9816170958043,450.94767410247084,450.91397058355795,450.8805081482633,450.84728801888895,450.8143110255396,450.78157760121246,450.7490877772849,450.7168411794034,450.6848370237749,450.6530741138723,450.6215508375504,450.590265164579,450.5592146445956,450.5283964054788,450.49780715214604,450.4674431657771,450.43730030346194,450.40737399827776,450.3776592597913,450.3481506749901,450.3188424096386,450.28972821006226,450.2608014053529,450.23205490999817,450.2034812269331,450.17507245100614,450.1468202728605,450.1187159832275,450.09075047762985,450.06291426148175,450.0351974555929,450.00758980206433,449.9800806705721,449.9526590650338,449.92531363064893,449.89803266131696,449.87080410740435,449.84361558388247,449.81645437880076,449.789307462111,449.76216149481354,449.735002838434,449.7078175648124,449.68059146619555,449.6533100656276,449.62595862762817,449.5985221691428,449.5709854707608,449.5433330881897,449.5155493639729,449.4876184394414,449.4595242668847,449.4312506219396,449.4027811161709,449.37409920984044,449.34518822485603,449.3160313578789,449.2866116935827,449.25691221805096,449.2269158323003,449.19660536591726,449.16596359079136,449.1349732349404,449.10361699640515,449.07187755720713,449.0397375973547,449.00717980888123,448.9741869099057,448.94074165870245,448.9068268677648,448.87242541784985,448.8375202719908,448.80209448946897,448.76613123972066,448.7296138161792,448.6925256500303,448.65485032387005,448.6165715852551,448.57767336012876,448.53813976611224,448.4979551256498,448.45710397899205,448.4155710970083,448.3733414938174,448.3304004392196,448.2867334709191,448.24232640653645,448.19716535538305,448.15123672999715,448.1045272574311,448.05702399027155,448.00871431739296,447.95958597442495,447.9096270539287,447.8588260152748,447.80717169420654,447.7546533120876,447.7012604848194,447.64698323142574,447.5918119822905,447.5357375870469,447.4787513221071,447.42084489782764,447.3620104653002,447.30224062277057,447.24152842166666,447.17986737224464,447.1172514488362,447.0536750947007,446.9891332264709,446.92362123819566,446.8571350049699,446.78967088615315,446.7212257281716,446.65179686690004,446.5813821296281,446.5099798365996,446.4375888021342,446.36420833532094,446.28983824029297,446.21447881607554,446.13813085601004,446.0607956467619,445.9824749668984,445.90317108505764,445.82288675769246,445.7416252264039,445.6593902148637,445.5761859253267,445.4920170347387,445.40688869044527,445.32080650550563,445.2337765536101,445.1458053636183,445.05689991371423,444.9670676251825,444.8763163558246,444.7846543930058,444.6920904463529,444.5986336400997,444.50429350509677,444.4090799704869,444.31300335505665,444.2160743582733,444.11830405101557,444.01970386600635,443.9202855879569,443.82006134343374,443.7190435904569,443.61724510783876,443.5146789842744,443.41135860719737,443.30729765140563,443.20251006747236,443.0970100699543,442.9908121254038,442.8839309402033,442.7763814482249,442.6681787983364,442.55933834175886,442.44987561929133,442.3398063484144,442.2291464102803,442.1179118366127,442.00611879651785,441.89378358322386,441.7809226007634,441.66755235060555,441.5536894182583,441.43935045984847,441.3245521886911,441.2093113618656,441.09364476680764,440.9775692079321,440.8611014932957,440.7442584213172,440.627056767563,440.5095132716127,440.3916446240179,440.2734674533648,440.1549983134501,440.0362536705901,439.9172498910682,439.7980032287303,439.6785298127503,439.55884563556447,439.43896654099484,439.31890821256866,439.1986861620449,439.07831571815785,438.95781201559475,438.83718998420227,438.716464338451,438.5956495671516,438.4747599234417,438.3538094150479,438.2328117948316,438.1117805516325,437.99072890140894,437.8696697786921,437.74861582835536,437.62757939770916,437.50657252892813,437.38560695181394,437.2646940769046,437.1438449889354,437.0230704406534,436.90238084699297,436.78178627962006,436.6612964618447,436.5409207639113,436.4206681986607,436.3005474175844,436.1805667072543,436.0607339861451,435.9410568018457,435.8215423286623,435.702197365613,435.58302833481866,435.4640412802895,435.34524186710394,435.2266353809859,435.1082267282753,434.990020436292,434.87202065409406,434.7542311536259,434.6366553312574,434.5192962097063,434.4021564403476,434.2852383059047,434.1685437235128,434.0520742481612,433.9358310765018,433.81981505102425,433.70402666458904,433.588466065314,433.47313306181434,433.3580271287783,433.2431474128856,433.1284927390523,433.0140616169979,432.89985224813057,432.7858625327377,432.67209007747715,432.55853220316123,432.4451859528218,432.33204810005265,432.2191151576143,432.10638338629815,431.9938488040347,431.8815071952404,431.76935412039,431.65738492580726,431.5455947536604,431.43397855215517,431.32253108591027,431.2112469465082,431.1001205632105,430.9891462138186,430.87831803568383,430.7676300368361,430.6570761072366,430.546650030132,430.43634549350077,430.3261561015838,430.21607538648124,430.10609681980617,429.9962138243842,429.8864197859848,429.77670806507183,429.66707200856274,429.5575049615828,429.4480002792031,429.3385513381487,429.2291515484672,429.11979436514036,429.0104732996347,428.90118193137175,428.7919139191079,428.68266301221615,428.57342306185245,428.46418803199674,428.3549520103581,428.2457092191351,428.13645402561144,428.02718095258695,427.91788468862404,427.80856009810617,427.699202231089,427.5898063329434,427.48036785377604,427.37088245761385,427.26134603134824,427.15175469343154,427.04210480230597,426.9323929645676,426.822616042852,426.71277116343174,426.60285572352257,426.492867398281,426.3828041475005,426.2726642219845,426.1624461695997,426.0521488409955,425.94177139499277,425.83131330362454,425.720774356832,425.6101546668108,425.4994546719934,425.3886751406761,425.27781717427507,425.1668822102176,425.0558720244556,424.9447887336098,424.83363479672767,424.7224130166677,424.6111265410998,424.49977886311837,424.3883738214764,424.2769156004309,424.1654087292022,424.05385808105336,423.9422688719759,423.83064665900145,423.71899733812313,423.6073271418401,423.4956426363249,423.3839507182095,423.2722586110021,423.1605738611343,423.0489043336377,422.9372582074625,422.8256439704353,422.7140704138648,422.60254662679904,422.49108198993963,422.3796861692174,422.26836910904046,422.1571410252137,422.04601239754487,421.934993962138,421.8240967033801,421.7133318456419,421.60271084467985,421.4922453787692,421.38194733955794,421.2718288226688,421.1619021180383,421.05217970002457,420.9426742172705,420.83339848235386,420.7243654612163,420.61558826239764,420.5070801260697,420.3988544128955,420.2909245927175,420.1833042330814,420.07600698762076,419.96904658429776,419.862436813524,419.7561915161692,419.6503245714624,419.5448498848156,419.43978137556013,419.33513296462297,419.23091856215444,419.12715205510887,419.02384729480315,418.92101808445955,418.818678166742,418.71684121131045,418.6155208023889,418.51473042637394,418.41448345948845,418.31479315549626,418.21567263348817,418.1171348657522,418.01919266574066,417.9218586761481,417.82514535710607,417.7290649745132,417.633629588511,417.53885104211383,417.4447409500063,417.3513106875224,417.25857137981285,417.16653389121547,417.075208814834,416.98460646234804,416.89473685404676,416.80560970911137,416.7172344361527,416.62962012400715,416.54277553280804,416.4567090853408,416.37142885868474,416.2869425761582,416.20325759957,416.12038092178665,416.0383191596241,415.95707854707086,415.8766649288491,415.7970837543201,415.718340071744,415.6404385228947,415.5633833380398,415.48717833128734,415.4118268963134,415.33733200245774,415.26369619121317,415.1909215730941,415.1190098249006,415.0479621873751,414.9777794632549,414.90846201572305,414.8400097672652,414.772422198923,414.70569834995376,414.6398368178985,414.5748357590503,414.5106928893299,414.44740548556865,414.38497038719106,414.32338399830525,414.26264229019216,414.20274080419495,414.14367465500607,414.0854385343489,414.0280267150516,413.97143305550753,413.9156510045184,413.8606736065241,413.8064935071989,413.7531029594228,413.70049382961906,413.6486576044457,413.5975853978441,413.5472679584345,413.49769567724684,413.4488585957907,413.40074641444306,413.3533485011617,413.3066539005007,413.2606513429303,413.21532925444967,413.1706757664822,413.12667872604214,413.08332570617017,413.0406040166224,412.99850071479995,412.95700261692025,412.91609630940326,412.87576816048016,412.83600433199575,412.7967907914072,412.7581133239605,412.7199575450345,412.6823089126407,412.64515274007067,412.608474208672,412.5722583807462,412.5364902125548,412.50115456742145,412.4662362289158,412.43171991410816,412.39759028688377,412.3638319713019,412.3304295649838,412.297367652527,412.26463081892007,412.2322036629562,412.200070810626,412.1682169284803,412.1366267369439,412.10528502358255,412.0741766562877,412.0432865963897,412.01259991167103,411.9821017892713,411.95177754847805,411.9216126533821,411.8915927253882,411.86170355557215,411.83193111687206,411.8022615760955,411.77268130574066,411.74317689561366,411.71373516423336,411.68434317001066,411.6549882221977,411.62565789158674,411.59634002095777,411.56702273526145,411.53769445152284,411.5083438884662,411.4789600758448,411.4495323634668,411.420050429913,411.3905042909346,411.36088430752494,411.3311811936563,411.3013860236723,411.2714902393388,411.24148565653104,411.2113644715656,411.18111926716097,411.1507430180282,411.12022909608066,411.08957127526196,411.0587637359869,411.0278010691907,410.99667827998024,410.9653907908941,410.93393444474964,410.9023055071008,410.87050066827373,410.8385170450092,410.8063521816869,410.77400405114173,410.74147105507143,410.708752024033,410.675846217026,410.6427533206708,410.6094734479736,410.5760071366876,410.54235534726797,410.50851946042246,410.47450127426583,410.44030300107056,410.4059272636302,410.371377091229,410.33665591522765,410.3017675642659,410.2667162590914,410.2315066070165,410.1961435960092,410.16063258842814,410.1249793143993,410.08918986485276,410.05327068421684,410.01722856278263,409.98107062874357,409.9448043399196,409.90843747517556,409.8719781255383,409.8354346850266,409.79881584119966,409.76213056543276,409.7253881029352,409.6885979625157,409.6517699061036,409.6149139380466,409.57804029417997,409.5411594306954,409.50428201280647,409.4674189032295,409.4305811504923,409.39377997707265,409.3570267673923,409.32033305567154,409.2837105136475,409.24717093819163,409.2107262388097,409.1743884250626,409.1381695939049,409.1020819169548,409.0661376277205,409.030349008775,408.99472837891454,408.959288080297,408.9240404655761,408.8889978850542,408.8541726738526,408.8195771391198,408.7852235472921,408.7511241114095,408.71729097851295,408.6837362171231,408.65047180482134,408.6175096159412,408.5848614093819,408.55253881656074,408.52055332951056,408.4889162891345,408.45763887364006,408.4267320871425,408.39620674847356,408.366073480188,408.3363426977872,408.3070245991688,408.27812915431366,408.24966609521624,408.2216449060745,408.1940748137442,408.1669647784684,408.1403234848928,408.11415933337116,408.0884804315764,408.0632945864204,408.038609296288,408.0144317436005,407.99076878771353,407.9676269581472,407.9450124481691,407.92293110872714,407.90138844274065,407.88038959975535,407.859939370967,407.84004218462,407.82070210178165,407.801922812502,407.783707632355,407.76605949937317,407.748980971373,407.7324742236715,407.71654104720375,407.70118284703625,407.6864006412804,407.6721950604053,407.65856634695314,407.6455143556568,407.63303855395134,407.6211380228955,407.6098114584827,407.5990571733565,407.58887309891685,407.57925678782146,407.57020541687774,407.5617157903229,407.5537843434835,407.5464071468218,407.5395799103528,407.533297988434,407.5275563849233,407.52234975869334,407.517672429506,407.5135183842323,407.5098812834171,407.5067544681784,407.504130967436,407.50200350546197,407.5003645097438,407.49920611915326,407.4985201924135,407.4982983168527,407.49853181744027,407.49921176608984,407.5003289912253,407.5018740875961,407.50383742633636,407.5062091652526,407.5089792593299,407.5121374714525,407.5156733833165,407.5195764065367,407.5238357939231,407.528440650927,407.5333799472361,407.5386425285128,407.5442171282615,407.55009237980994,407.55625682839957,407.56269894336566,407.56940713039654,407.5763697438606,407.5835750991911,407.5910114853085,407.5986671770734,407.60653044775944,407.61458958152537,407.62283288588236,407.6312487041351,407.6398254277936,407.64855150893425,407.65741547250275,407.6664059285443,407.67551158434856,407.6847212564988,407.694023882808,407.7034085341377,407.71286442607783,407.7223809304845,407.73194758685776,407.74155411354843,407.75119041878713,407.7608466115177,407.7705130120282,407.78018016236587,407.7898388365285,407.79948005041814,407.8090950715475,407.8186754284933,407.8282129200792,407.8376996242846,407.8471279068704,407.85649042970505,407.86578015879525,407.8749903719962,407.8841146664118,407.8931469654615,407.9020815256122,407.91091294277385,407.9196361583405,407.9282464648801,407.93673951145917,407.9451113086069,407.9533582329015,407.96147703118,407.9694648243697,407.977319110929,407.9850377699025,407.99261906358055,408.00006163976036,408.007364533613,408.0145271691446,408.0215493602565,408.0284313114014,408.03517361782843,408.0417772654313,408.04824363018037,408.0545744771539,408.06077195916043,408.0668386149607,408.07277736707863,408.0785915192164,408.084284753271,408.08986112594715,408.0953250649833,408.10068136498325,408.1059351828618,408.11109203290914,408.11615778147495,408.12113864128276,408.12604116537364,408.1308722406898,408.1356390813013,408.1403492212847,408.1450105072579,408.1496310905802,408.1542194192252,408.15878422933076,408.1633345364416,408.1678796264436,408.17242904620707,408.17699259394453,408.1815803092873,408.18620246310263,408.19086954705017,408.19559226289226,408.2003815115696,408.2052483820519,408.2102041399715,408.2152602160594,408.2204281943835,408.2257198004128,408.2311468889076,408.2367214316581,408.2424555050772,408.24836127765997,408.25445099732593,408.260736978654,408.2672315900226,408.2739472406692,408.28089636767896,408.2880914229226,408.29554485994726,408.3032691208403,408.3112766230766,408.3195797463609,408.32819081948264,408.3371221071939,408.3463857971211,408.35599398672974,408.36595867034794,408.3762917262703,408.3870049039464,408.3981098112727,408.4096179019988,408.4215404632606,408.4338886032539,408.44667323905884,408.4599050846311,408.47359463896737,408.4877521744622,408.5023877254633,408.5175110770415,408.5331317539824,408.5492590100152,408.56590181728467,408.583068856084,408.60076850485257,408.61900883045183,408.63779757872885,408.65714216537947,408.67704966711653,408.69752681315373,408.7185799770168,408.7402151686886,408.76243802709195,408.78525381292894,408.8086674018702,408.8326832781178,408.8573055283285,408.8825378359264,408.90838347579154,408.93484530934194,408.9619257800113,408.98962690912526,409.017950292183,409.0468970955507,409.0764680535623,409.1066634660425,409.1374831962457,409.16892666921837,409.20099287058264,409.23368034575117,409.26698719956505,409.30091109635714,409.3354492604544,409.37059847709554,409.40635509378785,409.4427150220843,409.47967373979264,409.51722629360285,409.5553673021452,409.59409095945927,409.63339103888904,409.6732608973852,409.71369348022284,409.7546813261207,409.79621657276675,409.83829096273587,409.8808958498037,409.92402220564094,409.9676606268935,410.01180134262967,410.05643422215655,410.10154878319906,410.14713420042176,410.19317931430305,410.2396726403398,410.28660237858065,410.33395642347546,410.38172237403666,410.42988754429507,410.4784389740484,410.5273634398879,410.57664746649266,410.626277338183,410.67623911071917,410.72651862333737,410.7771015110086,410.8279732169114,410.87911900510386,410.93052397338465,410.98217306632955,411.0340510884935,411.0861427177609,411.13843251883605,411.19090495685805,411.2435444111274,411.29633518893274,411.349261539462,411.4023076677844,411.45545774889416,411.50869594179755,411.5620064036295,411.61537330379053,411.66878083808814,411.7222132428657,411.7756548091078,411.8290898965147,411.8825029475161,411.93587850122873,411.98920120733317,412.04245583985573,412.0956273108529,412.1487006839701,412.2016611878717,412.25449422953017,412.30718540735035,412.35972052412797,412.4120855998269,412.46426688415374,412.5162508689323,412.5680243002528,412.61957419039135,412.670887829486,412.7219527969542,412.77275697265065,412.82328854773965,412.87353603528743,412.9234882805481,412.9731344709479,413.02246414574785,413.0714672053761,413.1201339204289,413.1684549403194,413.2164213015743,413.26402443576956,413.3112561770924,413.35810876952473,413.40457487364245,413.4506475730228,413.496320380252,413.5415872425261,413.5864425468477,413.63088112479943,413.6748982569019,413.7184896765449,413.76165157349084,413.8043805969439,413.8466738581851,413.8885289327683,413.92994386227514,413.9709171556279,414.0114477899583,414.0515352110299,414.09117933321545,414.1303805390303,414.1691396782155,414.20745806637876,414.24533748319504,414.28278017015606,414.3197888278871,414.3563666130245,414.3925171346531,414.42824445031954,414.4635530616123,414.498447909318,414.53293436816074,414.5670182411259,414.6007057533715,414.63400354574435,414.66691866788744,414.699458570968,414.73163110001343,414.7634444858753,414.79490733682036,414.8260286297663,414.8568177011599,414.88728423751246,414.9174382656037,414.9472901423551,414.9768505443907,415.00613045729295,415.0351411645595,415.0638942362796,415.09240151753323,415.1206751165273,415.1487273924837,415.1765709432852,415.2042185928916,415.23168337854474,415.2589785377668,415.2861174951657,415.3131138490702,415.3399813579883,415.36673392692296,415.3933855935438,415.4199505142345,415.4464429500265,415.47287725243615,415.4992678492125,415.5256292300214,415.5519759320619,415.5783225256474,415.6046835997538,415.6310737475491,415.65750755192744,415.6839995710476,415.7105643239059,415.73721627594057,415.76396982469697,415.79083928555696,415.8178388775495,415.8449827092591,415.87228476484,415.8997588901549,415.9274187790488,415.95527795977165,415.9833497815612,416.01164740140644,416.0401837709905,416.0689716238436,416.0980234627,416.1273515470846,416.1569678811368,416.18688420168223,416.2171119665626,416.24766234324136,416.27854619768766,416.30977408355625,416.34135623167185,416.373302539821,416.40562256287876,416.4383255032564,416.4714202016995,416.50491512843536,416.53881837467844,416.5731376445055,416.607880247105,416.64305308941096,416.6786626691271,416.71471506814623,416.7512159463734,416.7881705359606,416.82558363595325,416.8634596073557,416.9018023686255,416.9406153915929,416.9799016978112,417.01966385534945,417.0599039760193,417.10062371304383,417.14182425917204,417.18350634523733,417.2256702391657,417.2683157454272,417.3114422049391,417.35504849541695,417.3991330321728,417.443693769359,417.48872820165997,417.53423336642726,417.5802058462547,417.6266417719954,417.6735368262114,417.7208862470616,417.768684832609,417.8169269455659,417.865606518444,417.9147170591307,417.96425165687197,418.01420298865236,418.0645633259808,418.11532454206133,418.1664781193503,418.2180151574845,418.2699263815852,418.32220215091536,418.3748324678907,418.4278069874352,418.48111502666757,418.5347455749133,418.58868730403094,418.64292857904235,418.69745746905386,418.75226175846893,418.8073289584636,418.86264631872643,418.9182008394523,418.97397928356605,419.0299681891796,419.08615388225815,419.1425224894907,419.19905995134604,419.25575203531065,419.312584349285,419.3695423551308,419.4266113823604,419.4837766419423,419.5410232402244,419.59833619295074,419.6557004393606,419.71310085636117,419.77052227275135,419.8279494834941,419.8853672640103,419.9427603844913,420.00011362421264,420.0574117858304,420.1146397096561,420.17178228788646,420.2288244787806,420.28575132076844,420.34254794647796,420.39919959666497,420.4556916340386,420.5120095569563,420.56813901299415,420.62406581235996,420.6797759411475,420.7352555744204,420.79049108910385,420.8454690766797,420.9001763556694,420.9545999838973,421.0087272705117,421.0625457877669,421.116043382542,421.1692081875922,421.22202863252255,421.27449345446956,421.32659170848154,421.3783127775913,421.4296463825665,421.4805825913326,421.53111182805867,421.58122488189053,421.63091291533806,421.680167472291,421.7289804856718,421.77734428470455,421.82525160180023,421.8726955790577,421.91966977435766,421.96616816705966,422.0121851632927,422.0577156008269,422.10275475353257,422.1472983354158,422.1913425042288,422.23488386465374,422.2779194710509,422.3204468297785,422.36246390107476,422.40396910049816,422.4449612999375,422.48543982817716,422.52540447102405,422.56485547099663,422.6037935265729,422.6422197910042,422.6801358706897,422.71754382311593,422.75444615436834,422.79084581620907,422.82674620273224,422.8621511465901,422.89706491480865,422.93149220418337,422.96543813626494,422.998908251944,423.0319085056319,423.064445259052,423.0965252746448,423.12815570858675,423.15934410344335,423.19009838045207,423.2204268314472,423.2503381104359,423.2798412248352,423.30894552636886,423.33766070164944,423.3659967624391,423.39396403561,423.42157315280804,423.4488350398331,423.47576090574523,423.50236223170725,423.5286507595764,423.55463848025624,423.5803376218157,423.60576063739524,423.6309201929047,423.6558291545289,423.6805005760523,423.7049476860164,423.7291838747167,423.75322268106294,423.77707777930755,423.8007629656516,423.8242921447562,423.847679316155,423.87093856059573,423.8940840263132,423.91712991525577,423.940090469273,423.962979956279,423.985812656411,424.00860284818367,424.03136479467037,424.0541127297081,424.07686084414905,424.09962327217335,424.1224140776657,424.14524724068684,424.1681366440339,424.1910960599149,424.21413913674996,424.2372793861036,424.26053016977414,424.2839046870366,424.3074159620691,424.3310768315584,424.3548999325107,424.3788976902681,424.4030823067512,424.4274657489339,424.4520597375637,424.47687573613837,424.5019249401483,424.5272182665981,424.55276634381266,424.5785795015445,424.60466776138185,424.63104082748123,424.65770807761584,424.68467855456595,424.71196095784506,424.7395636357806,424.76749457794824,424.7957614079756,424.8243713767136,424.853331355787,424.88264783153465,424.9123268993312,424.9423742583134,424.9727952065007,425.0035946363232,425.0347770305639,425.0663464587054,425.0983065737026,425.13066060917026,425.1634113769926,425.19656126536194,425.23011223723984,425.26406582924824,425.2984231509887,425.33318488478943,425.36835128588683,425.4039221830292,425.4398969795142,425.47627465465115,425.5130537656493,425.55023244992924,425.587808427857,425.6257790058952,425.66414108016744,425.70289114044004,425.7420252745027,425.7815391729623,425.8214281344231,425.8616870710703,425.9023105146345,425.94329262273936,425.9846271856245,426.0263076332359,426.0683270426761,426.1106781460122,426.15335333842324,426.1963446866907,426.2396439380152,426.28324252915513,426.32713159587547,426.37130198269756,426.41574425294255,426.4604486990594,426.50540535321795,426.55060399816887,426.59603417835314,426.6416852112499,426.6875461989527,426.73360603996366,426.7798534411911,426.82627693014234,426.8728648672952,426.9196054586386,426.9664867683718,427.013496731746,427.0606231680352,427.1078537936269,427.15517623521976,427.2025780431095,427.25004670455723,427.2975696572195,427.34513430263564,427.39272801975085,427.44033817846514,427.48795215319467,427.5355573364335,427.58314115229916,427.6306910700476,427.67819461755414,427.72563939472894,427.77301308687527,427.82030347795853,427.8674984637829,427.91458606506325,427.96155444037197,428.00839189895487,428.0550869134016,428.1016281321555,428.1480043918534,428.1942047294817,428.2402183943376,428.28603485978306,428.33164383477754,428.3770352751833,428.4221993948289,428.4671266763168,428.51180788157126,428.55623406210833,428.60039656902876,428.64428706270587,428.6878975221822,428.73122025424016,428.7742479021623,428.8169734541527,428.85939025142164,428.9014919959227,428.9432727577345,428.9847269820807,429.0258494959781,429.0666355145102,429.1070806467163,429.14718090109557,429.1869326907114,429.2263328379005,429.2653785785776,429.3040675661264,429.3423978748857,429.38036800321356,429.4179768761331,429.45522384755833,429.4921087020899,429.52863165639326,429.5647933601375,429.60059489651513,429.63603778232584,429.6711239676296,429.7058558349738,429.74023619818945,429.7742683007539,429.80795581373394,429.8413028332959,429.87431387780043,429.90699388447047,429.9393482056415,429.9713826046041,430.0031032510287,430.0345167159884,430.06562996658107,430.09645036015166,430.12698563812705,430.1572439194639,430.187233693718,430.2169638137412,430.24644348801445,430.27568227262,430.3046900628644,430.3334770845612,430.3620538849741,430.39043132343926,430.4186205616702,430.4466330537511,430.4744805358402,430.5021750155766,430.5297287612146,430.55715429048837,430.5844643592214,430.61167194968755,430.63879025874076,430.66583268571753,430.6928128201307,430.71974442916115,430.7466414449626,430.7735179517909,430.80038817296935,430.8272664577028,430.8541672677529,430.88110516399064,430.9080947928325,430.93515087258214,430.9622881796778,430.9895215348771,431.01686578937154,431.0443358108617,431.07194646959795,431.09971262439694,431.1276491086579,431.1557707163833,431.18409218822075,431.2126281975377,431.2413933365452,431.27040210248276,431.299668883876,431.3292079468823,431.3590334217396,431.3891592893213,431.419599367828,431.4503672996117,431.4814765381509,431.5129403352,431.5447717281015,431.57698352729926,431.6095883040481,431.64259837833674,431.6760258070352,431.7098823722803,431.7441795701059,431.7789285993357,431.8141403507366,431.8498253964636,431.88599397978385,431.9226560051059,431.9598210283167,431.99749824743674,432.03569649360225,432.0744242223877,432.1136895054656,432.1535000226255,432.1938630541525,432.234785473569,432.2762737407541,432.31833389544937,432.3609715511423,432.40419188935147,432.44799965430667,432.49239914803667,432.5373942258616,432.58298829230444,432.6291842974136,432.6759847335119,432.72339163236836,432.7714065627929,432.82003062866704,432.8692644674009,432.9191082488247,432.96956167451515,433.0206239775531,433.072293922721,433.1245698071308,433.17744946128835,433.230930250591,433.2850090772553,433.339682382677,433.39494615022045,433.4507959084251,433.5072267346464,433.5642332591056,433.6218096693599,433.6799497151811,433.7386467138414,433.79789355580164,433.8576827107926,433.9180062342876,433.9788557743609,434.04022257892166,434.1020975033171,434.1644710183049,434.22733321837325,434.2906738304161,434.3544822227433,434.4187474144258,434.48345808496055,434.548602584248,434.614168942877,434.68014488270086,434.7465178276958,434.8132749150983,434.8804030067998,434.9478887009979,435.0157183440867,435.0838780427764,435.1523536764344,435.2211309096298,435.2901952048752,435.3595318355503,435.4291258989942,435.49896232976096,435.5690259130142,435.63930129805937,435.7097730119953,435.78042547347013,435.8512430065357,435.9222098545768,435.99331019431725,436.0645281498697,436.1358478068356,436.20725322642886,436.2787284596139,436.3502575612468,436.4218246042033,436.49341369347917,436.5650089802565,436.63659467591236,436.7081550659666,436.779674523948,436.8511375251707,436.9225286604039,436.9938326494265,437.06503435444984,437.1361187933967,437.20707115302883,437.27787680189965,437.34852130313493,437.4189904270145,437.4892701633543,437.559346733672,437.6292066031235,437.6988364922065,437.7682233882077,437.8373545563961,437.90621755094367,437.97480022556573,438.04309074386964,438.11107758940466,438.1787495754055,438.24609585420694,438.31310592634463,438.3797696493096,438.4460772459631,438.51201931259936,438.57758682664996,438.64277115401734,438.70756405604243,438.77195769608653,438.83594464573173,438.8995178905848,438.9626708356933,439.02539731055106,439.087691573703,439.1495483169391,439.2109626690736,439.27193019930763,439.3324469201708,439.3925092900431,439.45211421524755,439.51125905171915,439.5699416062477,439.62816013728565,439.6859133553354,439.74320042289895,439.80002095400465,439.85637501330245,439.9122631147328,439.9676862197714,440.02264573524747,440.0771435107439,440.1311818355774,440.18476343536264,440.23789146816785,440.2905695202588,440.34280160144056,440.3945921400043,440.44594597727433,440.4968683617715,440.5473649429942,440.5974417648231,440.6471052585518,440.69636223556563,440.74521987965426,440.79368573898455,440.8417677177277,440.88947406736366,440.93681337765287,440.98379456730225,441.0304268743214,441.0767198460875,441.12268332912294,441.1683274585978,441.21366264756705,441.25869957595734,441.30344917930097,441.34792263724853,441.39213136185253,441.43608698564327,441.4798013495067,441.5232864903757,441.5665546287486,441.6096181560404,441.6524896217901,441.6951817207273,441.7377072797127,441.7800792445713,441.8223106668197,441.8644146903124,441.9064045378111,441.948293497495,441.99009490942336,442.0318221519634,442.0734886281971,442.11510775232097,442.15669293604907,442.19825757503634,442.2398150353313,442.2813786398755,442.3229616550585,442.3645772773449,442.4062386199839,442.4479586998144,442.48975042418243,442.53162657797543,442.5735998107937,442.61568262426795,442.6578873595344,442.70022618488053,442.74271108357493,442.78535384188933,442.8281660373282,442.8711590270727,442.914343936653,442.95773164886623,443.0013327929304,443.0451577339114,443.08921656241097,443.1335190845397,443.1780748121759,443.2228929535229,443.267982403978,443.3133517373114,443.3590091971733,443.4049626889342,443.45121977186136,443.4977876516463,443.544673173285,443.59188281432046,443.63942267845164,443.6872984895148,443.73551558584734,443.7840789150322,443.8329930290328,443.8822620797202,443.9318898148005,443.98187957414007,444.032234286497,444.08295646665897,444.13404821299287,444.18551120540184,444.23734670370044,444.2895555464015,444.3421381499213,444.39509450819594,444.4484241927197,444.5021263529929,444.5561997173911,444.6106425944415,444.6654528745173,444.7206280319351,444.77616512746795,444.83206081125667,444.88831132612813,444.94491251130404,445.00185980651383,445.0591482564876,445.116772515841,445.17472685433466,445.23300516251373,445.2916009577068,445.3505073904005,445.40971725095295,445.46922297667277,445.5290166592261,445.5890900523837,445.6494345800965,445.71004134488044,445.77090113651866,445.83200444105995,445.893341450108,445.95490207039273,446.0166759336183,446.078652406562,446.1408206014385,446.203169386495,446.26568739684217,446.32836304550284,446.3911845346715,446.45413986716653,446.51721685807485,446.5804031465642,446.6436862078615,446.7070533653794,446.77049180298457,446.83398857738445,446.8975306306348,446.9611048027447,447.0246978443696,447.0882964295788,447.1518871686911,447.21545662115363,447.2789913084602,447.34247772709705,447.4059023614945,447.4692516969812,447.53251223272315,447.59567049463135,447.65871304823537,447.72162651150154,447.7843975675809,447.847012977486,447.90945959267253,447.97172436751674,448.03379437167905,448.09565680234095,448.15729899629514,448.21870844189175,448.279872790813,448.34077986967907,448.40141769145964,448.46177446669316,448.5218386144927,448.58159877333185,448.64104381160155,448.70016283792245,448.7589452112095,448.8173805504696,448.87545874433386,448.9331699603037,448.9905046537128,449.047453576386,449.1040077849931,449.1601586490897,449.2158978588295,449.27121743235114,449.3261097228269,449.3805674251636,449.43458358235426,449.48815159147443,449.5412652093116,449.59391855762783,449.64610612805217,449.69782278658727,449.7490637777414,449.7998247282686,449.85010165051995,449.89989094540374,449.94918940494733,449.9979942144616,450.046302954305,450.09411360124454,450.14142452941843,450.18823451088656,450.23454271578686,450.2803487120789,450.3256524648885,450.3704543354508,450.41475507964697,450.45855584614566,450.50185817414354,450.54466399071526,450.5869756077637,450.6287957185876,450.6701273940611,450.7109740784331,450.7513395847445,450.7912280898837,450.8306441292615,450.86959259113706,450.9080787105781,450.9461080630794,450.98368655783327,451.02082043066605,451.0575162366455,451.0937808423688,451.1296214179341,451.16504542860923,451.20006062620547,451.23467504015923,451.2688969683406,451.3027349675886,451.3361978439892,451.3692946429029,451.40203463875514,451.43442732459255,451.46648240142844,451.4982097673739,451.52961950657664,451.56072187797315,451.5915273038685,451.62204635835127,451.65228975556147,451.6822683378191,451.7119930636245,451.7414749955474,451.7707252880117,451.7997551749927,451.82857595763727,451.8571989918174,451.88563567563625,451.91389743689047,451.9419957205097,451.96994197598053,451.99774764477127,452.02542414776843,452.05298287273575,452.08043516181414,452.10779229906865,452.13506549810245,452.16226588973893,452.1894045098022,452.2164922869871,452.24354003084966,452.2705584199198,452.2975579899488,452.3245491223111,452.35154203256036,452.37854675916424,452.40557315241745,452.4326308635545,452.459729334067,452.4868777852351,452.51408520789414,452.541360352431,452.56871171903737,452.5961475482135,452.62367581154587,452.6513042027623,452.6790401290702,452.7068907027945,452.7348627333171,452.76296271933205,452.7911968414186,452.8195709549443,452.84809058330364,452.8767609114972,452.9055867800661,452.9345726793752,452.9637227442621,452.9930407490533,453.0225301029513,453.052193845802,453.0820346442405,453.1120547882268,453.14225618796894,453.172640371242,453.2032084810977,453.2339612739828,453.2648991182473,453.29602199306646,453.3273294877561,453.35882080150424,453.39049474349997,453.4223497334727,453.4543838026375,453.48659459504216,453.5189793693246,453.55153500086715,453.5842579843541,453.6171444367317,453.65019010055687,453.68339034774607,453.7167401837122,453.7502342518841,453.78386683861464,453.81763187845934,453.85152295983096,453.885533331024,453.9196559065934,453.9538832740974,453.9882077011824,454.02262114301664,454.0571152500526,454.09168137612414,454.12631058685963,454.16099366841047,454.19572113647905,454.230483245649,454.26526999899534,454.30007115797554,454.3348762525888,454.369674591789,454.4044552741521,454.4392071987746,454.47391907640366,454.50857944078416,454.5431766602049,454.57769894924826,454.6121343807143,454.6464708977229,454.68069632597025,454.7147983861369,454.74876470642965,454.7825828352483,454.8162402539597,454.8497243897781,454.8830226287232,454.91612232865907,454.9490108323865,454.98167548079334,455.01410362603053,455.0462826447152,455.0781999511439,455.1098430105007,455.1411993520499,455.1722565822975,455.2030023981154,455.2334245998041,455.2635111040945,455.2932499570617,455.3226293469527,455.3516376169035,455.38026327753914,455.40849501944524,455.4363217254907,455.46373248300193,455.49071659576555,455.5172635958527,455.5433632552547,455.56900559731105,455.5941809079312,455.61887974658595,455.64309295706323,455.666811677981,455.69002735304065,455.7127317410126,455.7349169254479,455.75657532409707,455.7776996980411,455.7982831605093,455.8183191853856,455.8378016153932,455.8567246699462,455.8750829526614,455.89287145852575,455.91008558070706,455.92672111700546,455.9427742759345,455.95824168243024,455.973120383181,455.98740785156866,456.00110199221933,456.0142011451615,456.02670408958164,456.03861004717555,456.0499186850902,456.06063011845845,456.07074491251655,456.0802640843044,456.089189103949,456.0975218955264,456.1052648375007,456.1124207627422,456.11899295812094,456.12498516367543,456.1304015713631,456.13524682338,456.13952601006935,456.14324466740027,456.14640877403457,456.14902474797884,456.15109944281494,456.15264014353335,456.15365456194843,456.1541508317183,456.1541375029641,456.15362353649476,456.15261829764376,456.15113154972585,456.1491734471101,456.1467545279255,456.1438857064052,456.14057826486163,456.13684384532496,456.1326944408263,456.12814238635366,456.12320034947464,456.1178813206459,456.11219860320534,456.1061658030739,456.0997968181536,456.093105827454,456.0861072799405,456.07881588312387,456.0712465913975,456.0634145941336,456.05533530355166,456.047024342366,456.0384975312283,456.02977087597384,456.02086055468254,456.01178290457165,456.0025544087259,455.99319168268016,455.98371146086964,455.97413058295376,455.9644659800354,455.9547346607785,455.9449536974426,455.935140211849,455.92531136128605,455.9154843243696,455.9056762868714,455.89590442753365,455.8861859038684,455.8765378379754,455.86697730237347,455.85752130586894,455.84818677947146,455.8389905623693,455.8299493879793,455.8210798700848,455.8123984890674,455.8039215782587,455.79566531041183,455.7876456843129,455.77987851154376,455.7723794034026,455.76516375800725,455.75824674757826,455.7516433059253,455.74536811614144,455.73943559852205,455.7338598987148,455.72865487611534,455.72383409251796,455.7194108010327,455.71539793527916,455.7118080988638,455.7086535551577,455.705946217378,455.70369763898555,455.70191900440307,455.70062112007196,455.6998144058465,455.6995088867368,455.6997141850119,455.7004395126653,455.70169366424943,455.7034850100932,455.7058214899,455.7087106067387,455.71215942142766,455.7161745473233,455.7207621455109,455.7259279204113,455.73167711579634,455.7380145112243,455.7449444189006,455.7524706809584,455.76059666716844,455.7693252730756,455.77865891856993,455.78859954688716,455.7991486240401,455.8103071386872,455.82207560243404,455.8344540505638,455.8474420432042,455.8610386669221,455.87524253675133,455.8900517986427,455.90546413234455,455.9214767546986,455.9380864233642,455.9552894409466,455.9730816595453,455.9914584857043,456.01041488576675,456.02994539162694,456.0500441068685,456.07070471329683,456.0919204778408,456.1136842598349,456.1359885186621,456.15882532175584,456.18218635295403,456.20606292119294,456.23044596953685,456.25532608453136,456.28069350587543,456.3065381363987,456.33284955233546,456.35961701388914,456.3868294760711,456.41447559980924,456.4425437633108,456.471022073673,456.4998983787251,456.5291602790972,456.5587951404968,456.5887901061897,456.6191321096621,456.6498078874665,456.6808039922239,456.71210680578196,456.74370255250824,456.7755773127104,456.80771703616966,456.8401075557741,456.8727346012383,456.90558381289577,456.938640755554,456.9718909323959,457.0053197989152,457.03891277687103,457.072655268256,457.1065326692467,457.14053038415017,457.17463383930345,457.20882849693567,457.2430998689718,457.2774335307572,457.31181513470386,457.3462304238352,457.3806652452199,457.4151055632825,457.4495374729776,457.4839472128128,457.5183211777122,457.5526459317077,457.5869082204383,457.62109498346047,457.6551933663397,457.6891907325298,457.7230746750154,457.7568330277104,457.79045387660705,457.82392557065685,457.85723673237663,457.890376268173,457.92333337837056,457.95609756693443,457.9886586508819,458.02100676937357,458.0531323924703,458.0850263295534,458.11667973740043,458.1480841279032,458.17923137542573,458.21011372379803,458.24072379292835,458.2710545850405,458.30109949052303,458.3308522933862,458.3603071763209,458.3894587253615,458.4183019341366,458.4468322077139,458.4750453660327,458.5029376469211,458.53050570869,458.5577466323133,458.5846579231828,458.6112375124378,458.6374837578712,458.6633954444146,458.6889717841892,458.7142124161411,458.739117405246,458.7636872412919,458.7879228372438,458.8118255271823,458.8353970638304,458.8586396156629,458.8815557636056,458.90414849732235,458.926421211106,458.9483776993627,458.97002215170266,458.9913591476437,459.0123936509287,459.03313100346287,459.0535769188821,459.07373747575224,459.0936191104132,459.1132286094682,459.1325731019308,459.15166005103686,459.1704972457258,459.18909279180804,459.20745510281745,459.22559289056323,459.2435151553976,459.26123117618886,459.2787505000379,459.2960829317195,459.31323852288506,459.3302275610168,459.3470605581572,459.36374823942157,459.38030153130006,459.39673154977197,459.4130495882324,459.4292671052494,459.44539571216444,459.4614471605446,459.4774333295051,459.49336621290604,459.50925790644277,459.5251205946437,459.54096653778146,459.55680805871805,459.57265752968976,459.5885273590517,459.60442997799305,459.6203778272313,459.636383343705,459.6524589472769,459.66861702745496,459.6848699301564,459.70122994451225,459.71770928973854,459.7343201020809,459.7510744218463,459.7679841805348,459.7850611880858,459.8023171202468,459.8197635060844,459.837411715641,459.85527294775704,459.87335821806795,459.89167834718415,459.91024394907254,459.92906541964385,459.94815292556456,459.96751639329784,459.9871654983845,460.0071096549825,460.02735800566325,460.0479194114881,460.0688024423596,460.09001536767107,460.11156614725644,460.1334624226474,460.1557115086524,460.1783203852645,460.20129568989734,460.2246437099724,460.2483703758497,460.27248125411637,460.2969815412439,460.3218760576079,460.34716924188496,460.3728651458337,460.3989674294594,460.4254793565686,460.4524037907186,460.47974319157026,460.5074996116333,460.53567469342954,460.56426966705476,460.5932853481556,460.6227221363184,460.6525800138713,460.68285854510253,460.7135568758941,460.744673733771,460.77620742836865,460.80815585231494,460.840516482524,460.8732863819109,460.9064622015077,460.9400401829993,460.9740161616604,461.0083855696963,461.0431434399873,461.07828441023054,461.11380272746953,461.14969225301996,461.1859464677717,461.2225584778762,461.25952102079975,461.2968264717488,461.3344668504543,461.37243382830917,461.41071873585287,461.44931257059704,461.4882060051784,461.5273893958423,461.56685279123775,461.60658594151704,461.6465783077382,461.6868190715537,461.7272971451792,461.76800118162936,461.8089195852177,461.8500405223007,461.89135193226457,461.93284153873856,461.97449686102317,462.0163052257285,462.05825377860356,462.1003294965499,462.14251919980643,462.1848095642932,462.22718713410364,462.2696383341297,462.31214948281195,462.35470680500026,462.3972964449088,462.43990447916184,462.48251692990726,462.52511977799384,462.56769897619097,462.6102404624473,462.6527301731694,462.6951540565042,462.73749808562565,462.779748271995,462.8218906785979,462.8639114331333,462.9057967411503,462.94753289911375,462.98910630739084,463.0305034831404,463.07171107310126,463.11271586625554,463.1535048063685,463.1940650043757,463.23438375062733,463.2744485269528,463.3142470185587,463.353767125728,463.39299697532346,463.43192493207505,463.4705396096481,463.5088298814751,463.5467848913437,463.58439406373,463.6216471138706,463.6585340575562,463.69504522064517,463.7311712482842,463.76690311382697,463.8022321274436,463.83714994441226,463.87164857308426,463.9057203825199,463.93935810977376,463.97255486684594,464.00530414726876,464.0375998323352,464.06943619696733,464.1008079152032,464.1317100653179,464.1621381345505,464.1920880234571,464.22155604986733,464.25053895244616,464.2790338938638,464.3070384635612,464.3345506801167,464.3615689932055,464.38809228515606,464.4141198720953,464.4396515046897,464.4646873684766,464.4892280837837,464.51327470524495,464.53682872090434,464.5598920509161,464.5824670458374,464.60455648451955,464.62616357159794,464.6472919345825,464.6679456205539,464.68812909246645,464.70784722506676,464.7271053004227,464.74590900307896,464.7642644148345,464.7821780091523,464.79965664520444,464.8167075615649,464.8333383695418,464.84955704617676,464.8653719268961,464.88079169784135,464.89582538787033,464.91048236024886,464.9247723040334,464.93870522515914,464.9522914372345,464.96554155206377,464.9784664698917,464.99107736939345,465.00338569741064,465.0154031584501,465.0271417039496,465.0386135213249,465.04983102281295,465.0608068341087,465.07155378282135,465.08208488675723,465.092413342034,465.10255251104593,465.11251591029105,465.1223171980637,465.13197016203924,465.14148870674916,465.1508868409674,465.16017866501505,465.16937835800286,465.1785001650121,465.1875583842416,465.19656735412013,465.20554144040284,465.2144950232666,465.22344248440993,465.2323981941756,465.2413764987081,465.2503917071539,465.2594580789254,465.2685898110265,465.2778010254732,465.28710575679935,465.29651793967497,465.306051396643,465.31571982598683,465.32553678973863,465.3355157018488,465.3456698165124,465.35601221667895,465.3665558027493,465.3773132814672,465.3882971550304,465.3995197104072,465.4109930088995,465.42272887593174,465.43473889110095,465.4470343784786,465.4596263971844,465.4725257322399,465.4857428857023,465.4992880680991,465.5131711901629,465.52740185487335,465.54198934982577,465.55694263991427,465.57227036035573,465.5879808100457,465.6040819452634,465.62058137372253,465.63748634898275,465.65480376521896,465.672540152353,465.6907016715648,465.7092941111656,465.72832288285565,465.7477930183643,465.7677091664641,465.7880755903824,465.8088961655917,465.83017437799566,465.8519133225029,465.8741157019928,465.8967838266749,465.91991961384093,465.94352458800586,465.96759988144595,465.99214623512194,466.0171639999931,466.04265313872105,466.0686132277543,466.0950434597964,466.121942646657,466.1493092224728,466.17714124730537,466.20543641110544,466.2341920380406,466.2634050911821,466.2930721775454,466.32318955347904,466.35375313039316,466.3847584808283,466.4162008448518,466.44807513677017,466.480375952171,466.51309757525587,466.54623398648624,466.5797788705146,466.613725624399,466.64806736609404,466.682796943207,466.7179069420092,466.75338969669497,466.7892372988782,466.82544160731396,466.8619942578394,466.8988866735192,466.93611007498873,466.9736554909801,467.01151376902345,467.04967558631097,467.08813146071185,467.12687176192924,467.16588672278283,467.20516645060826,467.24470093876437,467.2844800782306,467.3244936692855,467.3647314332542,467.40518302431377,467.44583804133924,467.4866860397856,467.5277165435872,467.5689190570634,467.61028307682284,467.6517981036453,467.6934536543393,467.735239273553,467.77714454553376,467.8191591058198,467.86127265285455,467.9034749595098,467.9457558845062,467.9881053837197,468.0305135213627,468.07297048102566,468.1154665765741,468.15799226287805,468.2005381463793,468.24309499546683,468.2856537506662,468.3282055346236,468.37074166187375,468.41325364838605,468.45573322087444,468.4981723258668,468.54056313851885,468.58289807116705,468.62516978160767,468.6673711811007,468.70949544208133,468.7515360055797,468.79348658833146,468.8353411895816,468.8770940975695,468.91873989568484,468.9602734682971,469.00169000624453,469.0429850119797,469.0841543043683,469.1251940231297,469.16610063292495,469.2068709270761,469.2475020309232,469.2879914048057,469.3283368466766,469.3685364943342,469.40858882727866,469.44849266818557,469.4882471839981,469.52785188663233,469.5673066333042,469.60661162646295,469.6457674133454,469.68477488514134,469.7236352757772,469.7623501603148,469.80092145296874,469.8393514047423,469.8776426006906,469.9157979568011,469.9538207165091,469.99171444683947,470.02948303418907,470.0671306797422,470.1046618945344,470.14208149416544,470.17939459316256,470.2166065990069,470.2537232058255,470.29075038775375,470.3276943919778,470.36456173146365,470.40135917737604,470.4380937512014,470.47477271658084,470.51140357085467,470.547994036338,470.5845520513267,470.62108576085274,470.6576035071835,470.6941138200945,470.7306254069057,470.7671471423051,470.803688057965,470.84025733196313,470.8768642780128,470.9135183345281,470.9502290535171,470.9870060893272,471.02385918725207,471.06079817200555,471.09783293608297,471.13497342801503,471.172229640531,471.2096115986403,471.2471293476469,471.2847929411067,471.32261242874466,471.3605978443375,471.39875919357974,471.43710644194715,471.4756495025607,471.51439822407764,471.553362378609,471.5925516496853,471.6319756202792,471.6716437608962,471.71156541775105,471.75174980103566,471.79220597329686,471.83294283793214,471.8739691278168,471.91529339407646,471.95692399501087,471.9988690851897,472.0411366047239,472.0837342687284,472.1266695569842,472.1699497038169,472.213581688193,472.2575722240543,472.3019277508946,472.34665442459175,472.3917581085014,472.43724436482967,472.48311844628313,472.5293852880176,472.57604949988234,472.62311535897817,472.67058680253297,472.71846742110256,472.766760452105,472.81546877369857,472.8645948990043,472.9141409706849,472.9641087558875,473.01449964154637,473.0653146300652,473.1165543353737,473.16821897936734,473.22030838873263,473.27282199216677,473.3257588179905,473.37911749215573,473.4328962366617,473.48709286836566,473.541704798208,473.596729030837,473.6521621646466,473.7080003922242,473.76423950120363,473.8208748755358,473.87790149716096,473.9353139480961,473.9931064129264,474.0512726817069,474.1098061532616,474.1686998388957,474.22794636649206,474.2875379850205,474.3474665694241,474.4077236259032,474.46830029758354,474.52918737055654,474.5903752803008,474.65185411847176,474.71361364004866,474.77564327084326,474.83793211535686,474.90046896498023,474.963242306529,475.0262403311061,475.08945094328584,475.1528617706067,475.2164601733707,475.2802332547363,475.3441678710891,475.4082506426985,475.47246796463014,475.5368060179185,475.6012507809823,475.66578804127647,475.73040340715966,475.79508231998443,475.8598100663793,475.92457179072585,475.98935250780585,476.05413711562034,476.1189104083606,476.1836570895153,476.24836178511055,476.3130090570634,476.37758341663994,476.44206933799967,476.5064512718208,476.5707136589887,476.63484094433124,476.6988175903979,476.762628091256,476.82625698630477,476.88968887408214,476.95290842605675,477.0159004003908,477.07864965566205,477.1411411645268,477.20336002731557,477.2652914855449,477.3269209353363,477.3882339407209,477.4492162468284,477.5098537929375,477.5701327253779,477.6300394102756,477.68956044612156,477.74868267615716,477.8073932005618,477.8656793884309,477.9235288895304,477.98092964582156,478.037869902739,478.0943382202135,478.15032348342663,478.2058149132894,478.2608020766328,478.31527489609846,478.36922365972197,478.42263903019904,478.47551205382194,478.5278341690817,478.57959721492296,478.63079343864865,478.68141550346,478.7314564956254,478.78090993127825,478.82976976282407,478.8780303849634,478.92568664031216,478.9727338246216,479.01916769159044,479.0649844572621,479.11018080400356,479.1547538840626,479.1987013226955,479.24202122086905,479.2847121575222,479.3267731914006,479.3682038624419,479.40900419273027,479.449174687002,479.48871633271193,479.5276305996555,479.56591943914475,479.60358528274384,479.6406310405591,479.6770600990892,479.7128763186319,479.74808403025565,479.78268803233397,479.81669358664493,479.850106414041,479.88293268969534,479.91517903791953,479.9468525265703,479.9779606610368,480.0085113778239,480.0385130377293,480.06797441863034,480.09690470787353,480.12531349428536,480.15321075980603,480.1806068707563,480.20751256873956,480.23393896119444,480.2598975116067,480.28540002937655,480.31045865937404,480.3350858711651,480.3592944479402,480.3830974751436,480.4065083288165,480.4295406636696,480.4522084008846,480.4745257156708,480.4965070245768,480.51816697257107,480.5395204199124,480.56058242880727,480.58136824988014,480.60189330845986,480.6221731907042,480.6422236295639,480.66206049061,480.68169975773304,480.70115751872305,480.7204499507565,480.73959330578907,480.75860389587746,480.77749807843986,480.7962922414755,480.8150027887415,480.8336461249239,480.852238640794,480.8707966983804,480.8893366161623,480.9078746542996,480.926426999917,480.94500975244995,480.9636389090732,480.9823303502171,481.00109982519723,481.01996293795816,481.0389351329504,481.058031681161,481.07726766629565,481.09665797113854,481.11621726409595,481.13595998593996,481.1559003367633,481.17605226315345,481.1964294456083,481.21704528619455,481.23791289646704,481.2590450856568,481.2804543491443,481.30215285721886,481.3241524441482,481.3464645975561,481.3691004481235,481.3920707596278,481.4153859193173,481.439055928644,481.463090394349,481.4874985199265,481.51228909745384,481.53747049981416,481.56305067330527,481.58903713065047,481.61543694441366,481.6422567408232,481.6695026940179,481.69718052071147,481.7252954752857,481.7538523453143,481.782855447528,481.8123086242117,481.84221524005113,481.87257817942486,481.9033998441407,481.9346821516287,481.9664265335805,481.99863393504984,482.03130481399734,482.06443914129824,482.09803640120145,482.1320955922411,482.166615228603,482.20159334194227,482.2370274836496,482.27291472756394,482.3092516731338,482.34603444901626,482.383258717114,482.42091967704806,482.45901207105925,482.49753018933495,482.5364678757518,482.5758185340399,482.6155751343466,482.65573022020715,482.69627591590665,482.73720393423434,482.77850558461216,482.82017178160015,482.86219305376255,482.90455955289116,482.9472610635758,482.99028701310897,483.0336264817215,483.0772682131336,483.1212006254142,483.16541182213905,483.209889603831,483.25462147968176,483.29959467952995,483.34479616609906,483.39021264747305,483.43583058979834,483.4816362302053,483.52761558993416,483.5737544876516,483.62003855294216,483.66645323997346,483.7129838413086,483.7596155018557,483.80633323295115,483.85312192654766,483.8999663695067,483.94685125797287,483.99376121182064,484.040680789161,484.087594500886,484.13448682525245,484.18134222247033,484.2281451493061,484.2748800736599,484.32153148912965,484.3680839295275,484.4145219833454,484.4608303081547,484.50699364492084,484.5529968322285,484.5988248203932,484.64446268545737,484.68989564304457,484.73510906207184,484.78008847829767,484.8248196076974,484.86928835965153,484.9134808499345,484.95738341349374,485.0009826170051,485.0442652711912,485.08721844289437,485.12982946689226,485.17208595744296,485.21397581954955,485.255487259936,485.29660879771905,485.3373292747711,485.37763786576363,485.4175240878775,485.45697781017657,485.49598926263224,485.5345490447908,485.572648134082,485.61027789374685,485.64743008039613,485.6840968511737,485.7202707705342,485.7559448166178,485.791112387222,485.8257673053637,485.85990382442475,485.8935166328803,485.9266008586003,485.9591520727268,485.9911662931187,486.02263998736277,486.0535700753486,486.0839539314045,486.1137893859956,486.14307472697794,486.1718087004132,486.1999905109381,486.2276198216926,486.25469675380947,486.2812218854562,486.3071962504441,486.33262133639414,486.3574990824717,486.3818318766828,486.40562255274693,486.4288743865368,486.4515910920995,486.47377681725766,486.49543613879644,486.5165740572422,486.53719599123787,486.5573077715192,486.57691563450305,486.59602621548663,486.61464654147363,486.632784023624,486.65044644934636,486.66764197403427,486.6843791124526,486.70066672979084,486.71651403238536,486.7319305581214,486.74692616652817,486.7615110285697,486.77569561615104,486.78949069134194,486.80290729533215,486.8159567371308,486.8286505820193,486.8410006397669,486.8530189526268,486.86471778312085,486.87610960162067,486.887207073746,486.8980230475901,486.90857054077856,486.918862727382,486.9289129246933,486.93873457988065,486.9483412565289,486.9577466210883,486.96696442923775,486.9760085121741,486.9848927628542,486.99363112218305,487.0022375651803,487.0107260871277,487.01911068971384,487.02740536718915,487.03562409254914,487.0437808037515,487.0518893899841,487.05996367800486,487.06801741855094,487.0760642728451,487.0841177992021,487.0921914397589,487.10029850732644,487.10845217239546,487.1166654502849,487.1249511884714,487.1333220540897,487.14179052163,487.1503688608393,487.15906912483695,487.1679031384585,487.1768824868411,487.18601850425273,487.1953222631858,487.204804563724,487.2144759231828,487.22434656604736,487.2344264142081,487.24472507750824,487.2552518446081,487.2660156741768,487.277025186424,487.2882886549683,487.2998139990665,487.31160877619493,487.32368017499715,487.3360350086093,487.34867970835967,487.36162031785557,487.37486248745773,487.3884114691541,487.4022721118296,487.4164488569426,487.43094573461065,487.4457663601052,487.4609139307624,487.47639122331583,487.4922005916393,487.50834396492326,487.5248228462641,487.54163831168745,487.5587910095876,487.5762811605973,487.59410855788263,487.6122725678573,487.63077213133096,487.6496057650628,487.6687715637544,487.688267202443,487.7080899393226,487.7282366189683,487.74870367597606,487.7694871390004,487.7905826351968,487.81198539506113,487.8336902576507,487.85569167620423,487.8779837241267,487.9005601013585,487.92341414110325,487.9465388169219,487.96992675017157,487.9935702177972,488.01746116045217,488.041591190953,488.0659516030532,488.0905333805235,488.1153272065403,488.1403234733618,488.16551229228844,488.19088350389484,488.21642668852627,488.24213117704227,488.26798606180586,488.29398020790074,488.32010226456237,488.3463406768256,488.3726836973574,488.39911939848173,488.4256356843685,488.4522203033881,488.47886086060726,488.5055448304232,488.5322595693187,488.55899232872616,488.5857302679857,488.6124604673897,488.6391699412973,488.6658456513043,488.69247451946,488.71904344151005,488.74553930016583,488.77194897836836,488.7982593725526,488.8244574058838,488.850530041464,488.87646429548647,488.9022472503335,488.92786606759455,488.95330800100623,488.978560409284,489.0036107688469,489.0284466864167,489.05305591147896,489.07742634859505,489.1015460695518,489.1254033253392,489.1489865579415,489.1722844119299,489.19528574585036,489.2179796433884,489.2403554243046,489.26240265512763,489.2841111595984,489.3054710288482,489.32647263130616,489.34710662232646,489.36736395352114,489.38723588179573,489.40671397807387,489.4257901357024,489.4444565785349,489.4627058686775,489.4805309138959,489.49792497467104,489.5148816709016,489.531394988244,489.54745928408374,489.5630692931346,489.5782201326556,489.5929073072865,489.60712671349347,489.62087464362173,489.6341477895505,489.64694324594916,489.65925851312863,489.6710914994874,489.6824405235494,489.6933043155906,489.70368201885435,489.7135731903572,489.72297780127514,489.7318962369232,489.74032929631784,489.74827819132815,489.7557445454152,489.762730391962,489.76923817219404,489.77527073269533,489.7808313225213,489.78592358990784,489.79055157859193,489.7947197237278,489.798432847427,489.80169615390463,489.8045152242508,489.8068960108302,489.8088448313101,489.81036836232965,489.81147363281286,489.81216801693233,489.812459226735,489.8123553044313,489.8118646143594,489.81099583463345,489.80975794847967,489.8081602352769,489.8062122612997,489.8039238701864,489.8013051731306,489.79836653881154,489.79511858307393,489.79157215836386,489.78773834293673,489.78362842984257,489.7792539157042,489.7746264892978,489.7697580199465,489.7646605457411,489.7593462615974,489.75382750716466,489.7481167545918,489.74222659617584,489.7361697318867,489.72995895680026,489.7236071484372,489.7171272540304,489.7105322777263,489.70383526773827,489.6970493034639,489.6901874825776,489.6832629081102,489.6762886755334,489.6692778598591,489.6622435027646,489.65519859976035,489.6481560874106,489.6411288306208,489.6341296100052,489.62717110934483,489.6202659031511,489.6134264443453,489.6066650520692,489.59999389963684,489.5934250026367,489.5869702072047,489.5806411784699,489.57444938919235,489.5684061085981,489.5625223914293,489.5568090672107,489.55127672975857,489.54593572692124,489.5407961505845,489.5358678269345,489.53116030699374,489.52668285744426,489.5224444517413,489.5184537615231,489.5147191483386,489.5112486556861,489.50805000138234,489.5051305702591,489.50249740720835,489.5001572105674,489.4981163258639,489.4963807399152,489.4949560753008,489.4938475852012,489.49306014861503,489.49259826595824,489.4924660550503,489.492667247485,489.4932051854032,489.49408281865533,489.49530270236284,489.49686699488757,489.4987774561995,489.50103544665353,489.5036419261655,489.5065974538072,489.50990218779805,489.5135558859098,489.51755790627743,489.521907208616,489.5266023558411,489.5316415160951,489.5370224651729,489.5427425893454,489.54879888858136,489.555187980158,489.56190610266515,489.5689491203891,489.57631252807914,489.5839914560901,489.59198067589523,489.60027460595865,489.6088673179729,489.61775254344747,489.62692368063813,489.6363738018215,489.6460956608955,489.65608170130577,489.6663240642895,489.6768145974212,489.6875448634632,489.6985061495,489.7096894763595,489.7210856082967,489.7326850629486,489.74447812153124,489.7564548392823,489.76860505613394,489.7809184076036,489.7933843358932,489.805992101187,489.8187307931363,489.83158934251406,489.8445565330377,489.85762101333927,489.8707713090738,489.8839958351567,489.8972829081144,489.9106207585325,489.92399754360156,489.93740135972934,489.95082025522606,489.96424224303115,489.97765531348824,489.9910474471371,490.00440662751976,490.01772085399034,490.03097815450525,490.0441665983909,490.05727430907075,490.0702894767387,490.083200370971,490.0959953532549,490.1086628894344,490.12119156204415,490.13357008253536,490.14578730336905,490.1578322299719,490.1696940325372,490.1813620576652,490.19282583982306,490.2040751126217,490.21509981988993,490.2258901265395,490.2364364292103,490.24672936668134,490.25675983003896,490.2665189725935,490.27599821953174,490.285189277297,490.29408414268374,490.30267511164516,490.31095478779366,490.3189160906005,490.3265522632663,490.3338568802726,490.34082385459953,490.3474474445981,490.35372226051663,490.3596432706722,490.36520580725823,490.3704055717858,490.37523864015225,490.3797014673268,490.38379089166,490.3875041387954,490.39083882519697,490.3937929612739,490.3963649541108,490.39855360978993,490.4003581353122,490.4017781401088,490.4028136371399,490.40346504359223,490.4037331811518,490.4036192758738,490.4031249576358,490.40225225917635,490.4010036147282,490.3993818582343,490.39739022115384,490.39503232986897,490.39231220267504,490.3892342463736,490.3858032524672,490.38202439295503,490.3779032157346,490.3734456396191,490.36865794896653,490.36354678793606,490.3581191543611,490.352382393267,490.3463441900158,490.34001256310273,490.33339585660116,490.32650273226665,490.3193421613089,490.3119234158353,490.30425605997715,490.2963499407071,490.28821517835485,490.2798621568335,490.2713015135789,490.2625441292222,490.25360111699445,490.2444838118805,490.2352037595337,490.2257727049525,490.2162025809416,490.20650549636355,490.1966937241865,490.18677968935395,490.17677595647103,490.1666952173327,490.15655027830115,490.1463540475404,490.1361195221269,490.1258597750486,490.1155879420985,490.1053172086808,490.09506079654125,490.08483195043834,490.0746439247556,490.06450997008716,490.05444331979186,490.04445717654005,490.0345646988626,490.0247789877137,490.01511307306333,490.0055799005332,489.9961923180816,489.9869630627628,489.97790474756385,489.96902984833355,489.9603506908222,489.9518794378354,489.9436280765219,489.93560840580835,489.9278320239853,489.9203103164667,489.9130544437258,489.9060753294297,489.89938364877173,489.8929898170256,489.8869039783229,489.8811359946714,489.8756954352209,489.87059156579244,489.8658333386727,489.86142938269364,489.85738799360036,489.8537171247216,489.8504243779442,489.847516995013,489.84500184915373,489.8428854370333,489.8411738710614,489.8398728720492,489.8389877622207,489.8385234585967,489.83848446674523,489.83887487491796,489.8396983485677,489.8409581252597,489.8426570099776,489.84479737083325,489.8473811351808,489.85040978614205,489.8538843595454,489.85780544128414,489.86217316509243,489.8669872107476,489.8722468026942,489.87795070910033,489.8840972413367,489.8906842538909,489.8977091447069,489.90516885595764,489.9130598752505,489.92137823725227,489.930119525756,489.9392788761646,489.9488509784024,489.9588300802509,489.96920999110324,489.9799840861351,489.9911453108912,490.0026861862784,490.0145988139651,490.02687488218413,490.03950567192595,490.05248206352627,490.0657945436338,490.07943321256363,490.09338779201147,490.10764763314205,490.1222017250286,490.13703870344614,490.1521468600059,490.1675141516194,490.1831282102929,490.1989763532363,490.21504559327775,490.23132264957553,490.24779395862,490.2644456855105,490.28126373550157,490.298233765805,490.3153411976358,490.33257122849784,490.3499088446883,490.3673388340143,490.3848457987152,490.40241416856543,490.4200282141585,490.4376720603562,490.45532969988164,490.4729850070617,490.49062175168814,490.5082236129941,490.5257741937306,490.54325703433415,490.5606556271616,490.57795343079204,490.59513388437375,490.61218042200517,490.6290764871392,490.64580554698955,490.66235110694083,490.6786967249285,490.6948260257955,490.7107227155957,490.72637059584224,490.7417535776834,490.7568556959908,490.77166112334766,490.7861541839296,490.8003193672568,490.81414134180864,490.82760496848937,490.84069531393004,490.85339766361744,490.86569753482667,490.87758068937063,490.88903314611787,490.90004119330433,490.9105914005991,490.9206706309311,490.9302660520548,490.93936514784804,490.94795572933765,490.95602594542584,490.96356429332775,490.9705596286969,490.9770011754308,490.98287853515484,490.9881816963653,490.9929010432314,490.99702736404515,491.00055185930876,491.00346614945573,491.00576228219836,491.00743273949047,491.00847044410625,491.00886876582115,491.0086215271946,491.0077230089472,491.00616795492977,491.00395157667344,491.001069557526,490.99751805636015,490.9932937108621,490.988393640386,490.9828154483791,490.976557224374,490.9696175455431,490.9619954778197,490.9536905765796,490.94470288688177,490.93503294327866,490.9246817691809,490.91365087578833,490.9019422605851,490.88955840540103,490.8765022740389,490.86277730947086,490.8483874306138,490.83333702867213,490.8176309630668,490.8012745569453,490.78427359228107,490.7666343045624,490.7483633770848,490.7294679348423,490.70995553803016,490.68983417516466,490.6691122558214,490.64779860300837,490.6259024451714,490.6034334078464,490.58040150496413,490.55681712981516,490.5326910456853,490.5080343761691,490.4828585951709,490.4571755166057,490.43099728380434,490.40433635863883,490.3772055103742,490.34961780425954,490.32158658986873,490.29312548920194,490.264248384559,490.2349694061967,490.2053029197823,490.17526351365154,490.144865985892,490.1141253312514,490.08305672789584,490.05167552402276,490.019997224344,489.9880374764515,489.9558120570774,489.923336858267,489.8906278734675,489.8577011835557,489.8245729428153,489.79125936487037,489.7577767085985,489.72414126403135,489.69036933825555,489.65647724132964,489.622481272227,489.5883977048246,489.5542427739449,489.52003266146096,489.48578348249123,489.45151127168174,489.41723196959884,489.3829614092374,489.34871530266935,489.3145092278304,489.2803586154635,489.2462787362408,489.2122846880585,489.1783913835257,489.14461353766757,489.1109656558333,489.077462021842,489.04411668636203,489.01094345554156,488.9779558799019,488.94516724349825,488.9125905533631,488.8802385292413,488.8481235936232,488.8162578620861,488.7846531339581,488.7533208833032,488.7222722502466,488.69151803263713,488.66106867806366,488.63093427622937,488.6011245516878,488.5716488569513,488.54251616597696,488.5137350680309,488.4853137619503,488.4572600507871,488.4295813368578,488.40228461719096,488.37537647938257,488.34886309785895,488.3227502305545,488.29704321600127,488.2717469708381,488.2468659877395,488.22240433375765,488.19836564910014,488.174753146313,488.15156960989924,488.12881739635134,488.1064984346101,488.08461422693847,488.06316585022074,488.0421539576718,488.02157878096585,488.00144013277725,487.9817374097247,487.96246959572863,487.943635265763,487.925232590011,487.9072593384059,487.88971288556786,487.87259021611584,487.85588793036,487.8396022503624,487.82372902636416,487.80826374356445,487.79320152925675,487.77853716029966,487.7642650709268,487.75037936088273,487.7368738038735,487.72374185632975,487.71097666646676,487.6985710836377,487.6865176679632,487.67480870023854,487.66343619209357,487.6523918964083,487.64166731796865,487.6312537243433,487.62114215698904,487.6113234425519,487.6017882043689,487.5925268741525,487.5835297038425,487.5747867776201,487.5662880240683,487.5580232284643,487.5499820451978,487.54215401029603,487.5345285540443,487.5270950136952,487.51984264624315,487.5127606412634,487.50583813378984,487.499064217232,487.49242795630425,487.48591839996755,487.4795245943618,487.4732355957186,487.4670404832397,487.46092837193555,487.4548884253989,487.4489098685109,487.4429820000639,487.4370942052831,487.4312359682451,487.4253968841725,487.4195666715924,487.413735184351,487.40789242347245,487.40202854884444,487.3961338907234,487.39019896104674,487.38421446454424,487.3781713096271,487.37206061905954,487.36587374038504,487.3596022561139,487.35323799364596,487.3467730349348,487.3401997258644,487.3335106853514,487.3266988141436,487.31975730332056,487.31267964247746,487.30545962759425,487.29809136856954,487.2905692964274,487.2828881701755,487.2750430833159,487.26702947000024,487.2588431108249,487.25048013825415,487.24193704167465,487.2332106720723,487.224298246323,487.2151973511005,487.205905946392,487.19642236862194,487.1867453333758,487.1768739377279,487.16680766216604,487.156546372113,487.14609031904087,487.13544014118395,487.1245968638421,487.1135618992776,487.1023370462054,487.0909244888797,487.0793267957713,487.0675469178467,487.0555881864402,487.0434543107308,487.0311493748192,487.0186778344134,487.00604451312165,486.9932545983588,486.9803136368743,486.96722752989365,486.9540025278954,486.94064522501753,486.9271625530986,486.91356177536477,486.8998504797713,486.8860365719935,486.87212826808843,486.85813408682174,486.8440628416809,486.82992363256955,486.81572583720055,486.80147910219137,486.7871933338738,486.7728786888272,486.7585455641416,486.7442045874237,486.7298666065513,486.715542679197,486.70124406211636,486.6869822002251,486.6727687154656,486.6586153954832,486.64453418211656,486.63053715971824,486.6166365433112,486.60284466660164,486.5891739698533,486.57563698763875,486.5622463364755,486.5490147023695,486.5359548282632,486.5230795014176,486.51040154072405,486.49793378397476,486.4856890750931,486.4736802513365,486.46192013050165,486.45042149811275,486.43919709464205,486.4282596027481,486.4176216345573,486.4072957189985,486.39729428920424,486.38762966998786,486.37831406541545,486.369359546478,486.36077803888026,486.3525813109589,486.3447809617386,486.337388409142,486.3304148783625,486.32387139041396,486.3177687508646,486.3121175387736,486.30692809583195,486.3022105157277,486.29797463374234,486.29423001658336,486.2909859524748,486.2882514415058,486.2860351862523,486.2843455826777,486.28319071132336,486.28257832880206,486.2825158595912,486.28301038814897,486.28406865135037,486.28569703125453,486.2879015482107,486.2906878543115,486.2940612271972,486.2980265642155,486.3025883769508,486.30775078612027,486.3135175168454,486.3198918943046,486.3268768397682,486.3344748670244,486.3426880791965,486.35151816595345,486.36096640112453,486.3710336407069,486.3817203212843,486.39302645884686,486.40495164801405,486.41749506167184,486.43065545101183,486.44443114598033,486.4588200561329,486.47381967190296,486.48942706626235,486.5056388968019,486.522451408202,486.5398604351109,486.5578614054168,486.57644934391385,486.595618876363,486.61536423393454,486.63567925803875,486.65655740553,486.6779917542868,486.69997500916054,486.72249950828245,486.74555722973173,486.76913979854874,486.79323849409406,486.81784425774345,486.84294770090673,486.86853911337374,486.8946084719672,486.92114544950476,486.94813942404824,486.97557948845,487.0034544601674,487.03175289134964,487.0604630791788,487.0895730764637,487.1190707024632,487.14894355394534,487.1791790164528,487.20976427578313,487.24068632965395,487.2719319995554,487.30348794277074,487.33534066456,487.36747653048457,487.3998817788705,487.43254253339484,487.46544481577996,487.4985745585881,487.53191761809956,487.5654597872651,487.5991868087162,487.63308438782764,487.66713820580475,487.70133393280634,487.73565724105976,487.7700938179884,487.80462937930935,487.83924968210727,487.8739405378644,487.90868782543305,487.94347750394354,487.9782956256275,488.013128348547,488.0479619492213,488.08278283513243,488.11757755709755,488.152332821502,488.1870355023745,488.22167265329756,488.2562315191334,488.290699547566,488.3250644004378,488.3593139648717,488.39343636417243,488.42741996848974,488.4612534052376,488.4949255692576,488.52842563271497,488.5617430547204,488.59486759066596,488.62778930126535,488.6604985612939,488.6929860680095,488.72524284926175,488.75726027126507,488.78903004603916,488.8205442385038,488.8517952732222,488.88277594079136,488.91347940385975,488.9438992027827,488.97402926089666,489.0038638894161,489.03339779194084,489.0626260685757,489.09154421965246,489.1201481490549,489.14843416714143,489.1763989932621,489.20403975786917,489.2313540042146,489.2583396896407,489.284995186453,489.3113192823804,489.33731118062406,489.3629704994838,489.3882972715773,489.41329194264074,489.4379553699192,489.4622888201412,489.48629396708816,489.5099728887542,489.5333280641005,489.5563623694068,489.5790790742309,489.60148183696344,489.62357470000086,489.6453620845274,489.6668487849206,489.68803996277757,489.70894114057376,489.7295581949585,489.74989734969,489.76996516822646,489.7897685459683,489.8093147021666,489.8286111715064,489.84766579536586,489.86648671276777,489.88508235102853,489.90346141611053,489.9216328826982,489.93960598398826,489.9573902012308,489.97499525300066,489.9924310842382,490.0097078550488,490.0268359292859,490.04382586292,490.0606883922096,490.0774344216837,490.09407501195125,490.11062136734114,490.127084823397,490.14347683422534,490.15980895972206,490.17609285268287,490.1923402458088,490.2085629386276,490.22477278433297,490.24098167656615,490.25720153614304,490.27344429774604,490.28972189658987,490.3060462550801,490.32242926946805,490.3388827965264,490.355418640251,490.37204853860425,490.38878415031246,490.40563704173286,490.4226186738015,490.4397403890713,490.4570133988628,490.4744487705277,490.4920574148498,490.509850073586,490.5278373071687,490.5460294825739,490.56443676137314,490.5830690879735,490.6019361780713,490.6210475073128,490.6404123001901,490.6600395191714,490.6799378540816,490.7001157117477,490.72058120590697,490.741342147404,490.7624060346749,490.7837800445302,490.80547102325295,490.8274854780105,490.84982956859545,490.872509099504,490.8955295123552,490.91889587866655,490.9426128929821,490.9666848663741,490.9911157203109,491.01590898090933,491.0410677735697,491.06659481799994,491.09249242363865,491.1187624854807,491.1454064803002,491.1724254632941,491.19982006512794,491.22759048940486,491.25573651055214,491.2842574721287,491.3131522855553,491.3424194292724,491.3720569483249,491.40206245436775,491.43243312610883,491.4631657101739,491.49425652239813,491.52570144954757,491.55749595146153,491.5896350636223,491.6221134001448,491.6549251571821,491.68806411675274,491.72152365097435,491.75529672671024,491.7893759106189,491.82375337460553,491.8584209016637,491.89336989211506,491.92859137022543,491.96407599120334,491.99981404856953,492.03579548189055,492.07200988487114,492.10844651379534,492.145094296313,492.1819418405555,492.21897744458323,492.2561891061443,492.2935645327441,492.33109115201194,492.3687561223576,492.4065463439042,492.4444484696889,492.482448917125,492.52053387970597,492.5586893389487,492.5969010765553,492.6351546867983,492.67343558909397,492.7117290407746,492.75002015003366,492.78829388903347,492.8265351071702,492.86472854447294,492.90285884513537,492.9409105711523,492.9788682160671,493.0167162187998,493.05443897755214,493.09202086377195,493.12944623616886,493.1666994547582,493.2037648949342,493.2406269615409,493.27727010294393,493.3136788250812,493.34983770547615,493.3857314072123,493.42134469283786,493.45666243820807,493.49166964622935,493.52635146051176,493.56069317890785,493.5946802669168,493.6282983709636,493.6615333315121,493.69437119602367,493.72679823173445,493.75880093824384,493.7903660599021,493.82148059798294,493.852131822634,493.88230728458757,493.9119948266231,493.9411825947749,493.9698590492639,493.99801297515177,494.025633492705,494.05271006745716,494.0792325199572,494.1051910352041,494.13057617174513,494.15537887044195,494.1795904628865,494.20320267946016,494.2262076570364,494.2485979463074,494.2703665187339,494.29150677311605,494.3120125417649,494.33187809628515,494.351098152952,494.36966787767824,494.38758289057375,494.4048392700857,494.42143355671476,494.43736275631073,494.4526243429388,494.46721626131324,494.48113692880054,494.49438523698205,494.506960552787,494.5188627191802,494.5300920554143,494.540649356843,494.55053589429264,494.5597534129955,494.56830413108673,494.5761907376642,494.583416390411,494.5899847127891,494.59589979079897,494.6011661693174,494.6057888480037,494.60977327679507,494.6131253509807,494.615851405863,494.6179582110214,494.619452964167,494.62034328460595,494.62063720631545,494.62034317063524,494.619470018586,494.61802698281895,494.61602367920585,494.6134700980779,494.61037659511794,494.60675388192067,494.6026130162258,494.59796539183344,494.5928227282138,494.5871970598196,494.5811007251091,494.5745463552973,494.56754686283534,494.56011542964313,494.5522654950878,494.54401074374056,494.53536509290666,494.5263426799519,494.51695784942706,494.5072251400128,494.4971592712935,494.48677513036836,494.4760877583234,494.46511233656105,494.4538641730204,494.4423586882828,494.43061140158943,494.4186379167751,494.40645390813995,494.3940751062625,494.38151728378256,494.3687962411482,494.35592779235895,494.34292775070776,494.3298119145384,494.31659605303213,494.30329589203984,494.2899270999669,494.27650527373197,494.2630459248042,494.24956446534634,494.2360761944576,494.2225962845499,494.2091397678531,494.19572152307484,494.1823562622236,494.16905851760043,494.1558426289875,494.1427227310297,494.12971274083355,494.11682634578534,494.10407699161067,494.09147787067843,494.0790419105623,494.0667817628759,494.0547097923863,494.04283806641644,494.0311783445564,494.0197420686738,494.0085403532581,493.9975839760864,493.9868833692325,493.97644861041954,493.9662894147359,493.9564151267093,493.9468347127549,493.93755675400354,493.9285894395146,493.9199405598826,493.911617501244,493.9036272396843,493.89597633606064,493.88867093123645,493.8817167417369,493.87511905582807,493.8688827300243,493.8630121860261,493.85751140809316,493.8523839408547,493.84763288755596,493.84326090874777,493.83927022141927,493.8356625985688,493.8324393692242,493.8296014189006,493.82714919050295,493.82508268567557,493.823401466583,493.82210465813694,493.8211909506591,493.82065860297575,493.8205054459465,493.8207288864179,493.82132591160604,493.8222930938941,493.8236265960478,493.8253221768406,493.82737519708644,493.82978062606367,493.83253304834426,493.83562667099574,493.8390553311733,493.8428125040777,493.8468913112811,493.85128452940376,493.85598459914576,493.86098363465226,493.866273433211,493.87184548527,493.87769098476474,493.88380083975056,493.890165683318,493.89677588479674,493.90362156122256,493.91069258906214,493.9179786161891,493.9254690740896,493.9331531902936,493.9410200010167,493.94905836399903,493.95725697153307,493.96560436366,493.9740889415316,493.9826989809153,493.99142264583656,494.0002480023379,494.00916303235107,494.0181556476583,494.0272137039332,494.03632501485316,494.0454773662566,494.05465853034866,494.06385627991847,494.0730584025813,494.08225271500504,494.0914270771288,494.10056940634155,494.10966769162405,494.11871000762517,494.1276845286649,494.1365795426575,494.1453834649237,494.1540848518964,494.16267241469427,494.1711350325544,494.17946176611053,494.1876418705044,494.19566480831156,494.20352026228016,494.2111981478545,494.2186886254879,494.2259821127153,494.23306929599113,494.23994114226264,494.24658891028355,494.25300416164237,494.2591787715089,494.2651049390687,494.2707751976599,494.2761824245759,494.28131985054483,494.28618106886324,494.29076004418135,494.29505112092727,494.29904903136514,494.3027489032704,494.3061462672299,494.30923706354025,494.31201764871196,494.31448480156416,494.31663572891074,494.3184680708189,494.31997990545244,494.32116975347697,494.3220365820358,494.3225798082808,494.32279930246546,494.32269539058444,494.32226885656723,494.3215209440162,494.32045335749024,494.31906826332875,494.3173682900182,494.31535652809913,494.3130365296091,494.31041230706956,494.30748833200636,494.30426953301674,494.30076129337203,494.2969694481657,494.2929002810078,494.2885605202634,494.2839573348434,494.27909832955106,494.2739915399801,494.2686454269817,494.26306887069495,494.2572711641452,494.25126200642575,494.2450514954585,494.2386501203455,494.23206875331425,494.22531864127103,494.21841139695726,494.2113589897326,494.20417373597763,494.1968682891367,494.189455629405,494.181949053063,494.1743621614855,494.1667088498122,494.15900329531064,494.15125994542905,494.1434935055569,494.13571892650026,494.1279513916859,494.120206304106,494.11249927301526,494.1048461003878,494.0972627671613,494.08976541925597,494.08237035341136,494.0750940028281,494.06795292264496,494.0609637752558,494.0541433154847,494.04750837562915,494.04107585039446,494.0348626817167,494.02888584350603,494.02316232631733,494.01770912195786,494.0125432080561,494.0076815325967,494.003140998448,493.9989384478805,493.9950906471086,493.9916142708581,493.98852588697525,493.9858419411004,493.9835787414113,493.9817524434533,493.98037903507696,493.9794743214859,493.97905391042053,493.9791331974858,493.9797273516352,493.9808513008336,493.9825197179015,493.98474700656266,493.9875472877048,493.9909343858691,493.994921815976,493.9995227703066,494.0047501057503,494.0106163313294,494.0171335960109,494.0243136768247,494.03216796729066,494.0407074661733,494.0499427665709,494.05988404534816,494.0705410529302,494.08192310345777,494.0940390653214,494.10689735207905,494.12050591377044,494.13487222863057,494.1500032952171,494.1659056249533,494.18258523510156,494.2000476421652,494.2182978557319,494.2373403727652,494.25717917234175,494.277817710854,494.2992589176649,494.32150519123604,494.3445583957249,494.368419858053,494.3930903654534,494.41857016349786,494.4448589546061,494.4719558970367,494.49985960436516,494.5285681454468,494.558079044866,494.5883892838736,494.61949530180334,494.6513929979824,494.6840777341177,494.717544337166,494.7517871026826,494.7867997986473,494.82257566975983,494.8591074422079,494.8963873288972,494.9344070351434,494.9731577648171,495.01263022694064,495.052814642728,495.09370075305856,495.13527782638766,495.17753466707387,495.2204596241261,495.26404060035765,495.3082650619368,495.3531200483329,495.39859218263757,495.4446676822655,495.4913323700091,495.5385716854487,495.58637069670834,495.6347141125325,495.6835862946904,495.73297127068315,495.7828527467494,495.8332141211538,495.8840384977467,495.9353086997821,495.98700728398705,496.03911655485376,496.09161857916297,496.14449520070406,496.1977280551947,496.251298585374,496.3051880562639,496.35937757057815,496.41384808426994,496.4685804221986,496.5235552939069,496.57875330948303,496.63415499551263,496.6897408110793,496.74549116382326,496.80138642602986,496.8574069507336,496.91353308782647,496.9697452001576,497.0260236795988,497.0823489630766,497.1387015485374,497.19506201085215,497.25141101762506,497.3077293449064,497.3639978927872,497.4201977008675,497.476309963573,497.5323160453213,497.58819749551094,497.64393606332317,497.69951371232656,497.75491263486623,497.81011526622757,497.8651042985581,497.91986269453787,497.97437370078524,498.0286208609844,498.08258802872405,498.1362593800335,498.1896194256091,498.24265302271385,498.2953453867444,498.34768210245227,498.39964913481214,498.4512328395205,498.502419973126,498.5531977027739,498.60355361555514,498.6534757274626,498.7029524919309,498.75197280796874,498.80052602786157,498.848601964448,498.896190897962,498.9432835824289,498.98987125161966,499.03594562455135,499.08149891052693,499.12652381372163,499.1710135373013,499.2149617870717,499.258362774663,499.30121122023496,499.34350235471425,499.38523192155264,499.4263961780089,499.46699189595495,499.50701636220373,499.5464673783622,499.58534326020754,499.6236428365894,499.6613654478607,499.6985109438359,499.73507968128797,499.7710725209735,499.8064908242029,499.84133644895303,499.8756117455278,499.9093195517719,499.94246318784417,499.97504645055284,500.0070736072656,500.03854938939344,500.0694789854611,500.0998680337667,500.12972261464313,500.15904924232825,500.1878548564496,500.2161468131328,500.24393287574946,500.2712212053051,500.29802035048226,500.3243392373512,500.35018715874986,500.37557376335417,500.4005090444473,500.42500332838915,500.44906726281806,500.4727118045751,500.4959482073772,500.5187880092475,500.5412430197158,500.56332530679924,500.58504718378185,500.6064211958023,500.62746010626154,500.648176883072,500.6685846847515,500.68869684638366,500.70852686545675,500.7280883875905,500.74739519217326,500.76646117791785,500.78530034835154,500.8039267972526,500.8223546940581,500.84059826923783,500.85867179966914,500.876589594017,500.8943659781269,500.91201528046645,500.9295518176015,500.94698987974726,500.9643437163914,500.9816275220062,500.9988554218746,501.01604145802605,501.03319957530897,501.0503436076134,501.06748726424377,501.0846441164728,501.10182758427675,501.11905092326936,501.1363272118467,501.1536693385556,501.1710899896946,501.18860163716676,501.2062165265836,501.22394666564537,501.2418038127971,501.25979946617747,501.2779448528708,501.2962509184665,501.31472831694407,501.3333874008857,501.35223821202925,501.3712904721713,501.3905535744225,501.41003657483475,501.4297481843914,501.44969676138373,501.4698903041731,501.4903364443402,501.51104244023867,501.53201517095135,501.5532611306528,501.57478642339174,501.59659675828493,501.6186974451401,501.6410933905006,501.66378909411895,501.68678864586474,501.7100957230635,501.73371358827285,501.75764508749404,501.78189264882116,501.806458281531,501.8313435756073,501.8565497017058,501.8820774115525,501.90792703878174,501.9340985002044,501.9605912975092,501.98740451939153,502.01453684411024,502.0419865424647,502.0697514811908,502.09782912677167,502.1262165496575,502.15491042888834,502.1839070571173,502.2132023460269,502.2427918321291,502.2726706829478,502.3028337035727,502.3332753435793,502.3639897043066,502.39497054648155,502.426211298188,502.45770506316524,502.4894446294307,502.521422478215,502.55363079320136,502.5860614700592,502.6187061262601,502.6515561111665,502.68460251638305,502.7178361863571,502.75124772922186,502.7848275278627,502.81856575120236,502.85245236569153,502.8864771469853,502.9206296918063,502.95489942997045,502.98927563656696,503.02374744428056,503.05830385584204,503.0929337565933,503.1276259271558,503.1623690561878,503.19715175321215,503.2319625615171,503.2667899710929,503.3016224316126,503.3364483654296,503.37125618058724,503.4060342838201,503.4407710935362,503.47545505276827,503.5100746420801,503.5446183924118,503.5790748978533,503.61343282833394,503.6476809422105,503.68180809874616,503.715803270465,503.74965555536835,503.7833541890014,503.81688855635963,503.8502482036188,503.8834228496801,503.9164023975178,503.94917694531586,503.9817367973845,504.0140724748459,504.04617472607214,504.0780345368777,504.10964314044037,504.14099202695206,504.17207295298476,504.20287795056333,504.23339933593746,504.2636297180384,504.29356200661994,504.3231894200698,504.35250549288355,504.3815040827962,504.4101793775668,504.4385259013993,504.466538521002,504.49421245128053,504.5215432606502,504.5485268759719,504.57515958709797,504.6014380510329,504.6273592956952,504.6529207232842,504.6781201132444,504.70295562482653,504.7274257992413,504.7515295614065,504.77526622128096,504.7986354747893,504.8216374043356,504.84427247890085,504.866541553733,504.88844586962165,504.90998705176185,504.93116710821243,504.9519884279402,504.9724537784654,504.9925663030963,505.0123295177727,505.0317473075051,505.05082392242593,505.0695639734496,505.08797242754963,505.10605460265646,505.12381616218255,505.14126310917726,505.1584017801243,505.17523883837697,505.1917812672549,505.20803636278856,505.22401172613866,505.2397152556865,505.25515513880765,505.27033984333434,505.2852781087214,505.29997893691825,505.31445158296265,505.3287055452986,505.3427505558359,505.35659656975804,505.37025375508495,505.3837324820134,505.39704331203035,505.41019698682476,505.4232044169967,505.43607667058814,505.4488249614377,505.4614606373705,505.4739951682483,505.4864401338746,505.498807211779,505.511108164892,505.5233548291163,505.53555910081735,505.5477329242362,505.55988827884335,505.572037166648,505.5841915994696,505.59636358619,505.6085651199964,505.6208081656308,505.6331046466578,505.6454664327608,505.6579053270859,505.6704330536421,505.6830612447682,505.6958014286904,505.70866501716796,505.72166329325216,505.7348073991643,505.7481083243082,505.76157689342995,505.7752237549313,505.7890593693602,505.80309399807504,505.81733769211064,505.83180028124195,505.8464913632728,505.86142029353977,505.876596174669,505.8920278465683,505.90772387668824,505.9236925505464,505.9399418625323,505.95647950700345,505.9733128696747,505.99044901931563,506.00789469976706,506.0256563222743,506.0437399581555,506.0621513318113,506.08089581407665,506.0999784159261,506.1194037825444,506.13917618775645,506.15929952883124,506.17977732166827,506.20061269635846,506.2218083931379,506.24336675873093,506.2652897430905,506.2875788965348,506.31023536728935,506.3332598994317,506.3566528312444,506.3804140939756,506.40454321101424,506.42903929747143,506.45390106018,506.479126798101,506.5047144031475,506.53066136141985,506.55696475484655,506.5836212632436,506.6106271667726,506.63797834881166,506.6656702992242,506.69369811803097,506.72205651947684,506.75073983649054,506.7797420255322,506.80905667182645,506.8386769949722,506.86859585492743,506.89880575836025,506.9292988653631,506.9600669965192,506.99110164032095,507.0223939609244,507.05393480624315,507.0857147163607,507.11772393226596,507.14995240489463,507.18238980446995,507.21502553013727,507.24784871987384,507.2808482606779,507.3140127990128,507.3473307515056,507.3807903158852,507.41437948214934,507.44808604395575,507.48189761021183,507.5158016168683,507.5497853388961,507.58383590243045,507.6179402970828,507.6520853883993,507.68625793045135,507.7204445785538,507.7546319020948,507.7888063974606,507.8229545010491,507.85706260235514,507.8911170571139,507.9251042004923,507.95901036031387,507.9928218703055,508.02652508334484,508.0601063847127,508.0935522053144,508.1268490348776,508.159983435101,508.1929420527413,508.225711632636,508.25827903063566,508.2906312264386,508.3227553363193,508.3546386257273,508.3862685217591,508.41763262547096,508.4487187240408,508.4795148027519,508.51000905679376,508.54018990286505,508.57004599056927,508.5995662135904,508.62873972063926,508.65755592615176,508.6860045207452,508.7140754813993,508.7417590813724,508.76904589983,508.7959268311813,508.82239309411204,508.848436240307,508.8740481628488,508.89922110429234,508.9239476643945,508.94822080750805,508.97203386961036,508.99538056498477,509.0182549925255,509.0406516416718,509.062565397967,509.08399154822234,509.1049257852994,509.12536421249473,509.1453033475167,509.1647401260692,509.1836719050175,509.20209646514866,509.22001201351054,509.23741718534205,509.25431104557447,509.27069308991827,509.2865632455219,509.3019218712134,509.31676975730966,509.3311081250064,509.34493862534396,509.3582633377478,509.3710847681463,509.38340584667105,509.3952299249344,509.4065607728935,509.41740257529835,509.4277599277332,509.43763783224585,509.4470416925779,509.45597730899635,509.4644508727293,509.4724689600152,509.4800385257696,509.4871668968707,509.49386176508256,509.50013117960384,509.5059835392685,509.5114275843917,509.5164723882764,509.5211273483852,509.52540217718655,509.5293068926867,509.5328518086485,509.5360475245207,509.53890491506934,509.54143511973814,509.54364953173535,509.5455597868655,509.547177752113,509.5485155139893,509.54958536665464,509.55039979982985,509.5509714864992,509.5513132704305,509.5514381535126,509.5513592829299,509.55108993818027,509.55064351795556,509.55003352689226,509.54927356220685,509.54837730022933,509.54735848284696,509.5462309038729,509.54500839535,509.543704813807,509.54233402647696,509.54090989749403,509.5394462740786,509.5379569727311,509.5364557654349,509.5349563659001,509.5334724158437,509.532017471329,509.53060498918154,509.52924831347866,509.5279606621453,509.52675511365896,509.5256445938705,509.5246418629735,509.52375950261035,509.52300990314717,509.52240525112194,509.5219575168768,509.52167844239005,509.5215795293175,509.52167202725786,509.52196692224874,509.5224749255111,509.5232064624457,509.5241716619001,509.5253803457082,509.5268420185243,509.52856585794575,509.5305607049526,509.5328350546564,509.5353970473787,509.53825446006294,509.5414146980314,509.54488478709226,509.5486713660033,509.5527806793098,509.557218570549,509.56199047583965,509.5671014178555,509.5725560001964,509.57835840215506,509.58451237388874,509.5910212320007,509.5978878555345,509.60511468238866,509.612703706149,509.62065647334924,509.62897408115657,509.6376571754928,509.6467059495781,509.656120142921,509.6658990407351,509.67604147379393,509.6865458187249,509.69740999873665,509.7086314847867,509.72020729717826,509.73213400759835,509.7444077415826,509.7570241814153,509.76997856945127,509.78326571187205,509.7968799828525,509.81081532915437,509.8250652751299,509.839622928136,509.8544809843512,509.8696317349928,509.88506707292987,509.9007784996795,509.91675713278624,509.93299371357625,509.94947861527874,509.96620185150454,509.98315308507847,510.0003216372161,510.0176964970329,510.03526633138205,510.0530194950086,510.07094404101025,510.0890277315963,510.1072580491364,510.12562220748356,510.14410716356855,510.1626996292441,510.1813860833819,510.20015278419544,510.2189857817916,510.2378709309292,510.25679390397556,510.2757402040526,510.29469517835525,510.31364403162854,510.3325718397984,510.3514635637366,510.37030406314847,510.3890781105697,510.4077704054643,510.4263655884003,510.4448482553023,510.4632029717552,510.4814142873571,510.49946675009727,510.51734492075474,510.53503338729706,510.55251677927095,510.5697797821675,510.58680715175063,510.6035837283338,510.6200944509928,510.6363243717019,510.65225866937783,510.6678826638186,510.6831818295268,510.69814180940125,510.71274842828683,510.72698770636833,510.74084587239145,510.75430937671024,510.7673649041352,510.7799993865784,510.79220001548254,510.8039542540165,510.815249849037,510.8260748427948,510.836417584377,510.84626674087923,510.8556113082915,510.86444062209324,510.87274436753796,510.88051258963185,510.8877357027845,510.8944045001272,510.9005101624932,510.9060442670467,510.910998795554,510.91536614229125,510.9191391215778,510.92231097493163,510.92487537783524,510.9268264461132,510.9281587419068,510.92886727924736,510.9289475292185,510.9283954247039,510.9272073647178,510.92538021831024,510.9229113280486,510.91979851306706,510.91604007168445,510.91163478358703,510.9065819115743,510.9008812028669,510.8945328899716,510.8875376911102,510.87989681020457,510.871611936421,510.86268524327284,510.85311938728864,510.84291750623555,510.8320832169091,510.8206206124901,510.8085342594653,510.79582919412326,510.78251091862256,510.76858539663624,510.7540590485831,510.7389387464394,510.72323180814726,510.70694599161925,510.69008948834056,510.67267091658744,510.65469931425366,510.6361841313019,510.6171352218438,510.5975628358575,510.57747761054384,510.5568905613443,510.5358130726064,510.5142568879346,510.49223410020477,510.4697571412759,510.4468387713954,510.4234920683156,510.3997304161218,510.37556749379604,510.3510172635139,510.3260939586942,510.30081207181127,510.27518634197486,510.2492317423008,510.22296346707327,510.19639691871566,510.1695476945855,510.14243157359726,510.11506450269405,510.0874625831764,510.05964205690145,510.03161929236364,510.0034107706794,509.97503307147224,509.94650285868875,509.9178368663464,509.8890518842315,509.86016474356165,509.83119230262577,509.80215143240764,509.77305900222126,509.7439318653561,509.7147868447548,509.68564071873527,509.65651020676694,509.6274119553174,509.598362523785,509.56937837052203,509.5404758389724,509.5116711439273,509.4829803579172,509.45441939775134,509.4260040112151,509.3977497639421,509.3696720264677,509.3417859614808,509.3141065112811,509.2866483854598,509.2594260488055,509.23245370945654,509.2057453073047,509.17931450266053,509.1531746651971,509.1273388631709,509.1018198529426,509.07663006879795,509.05178161308174,509.0272862466549,509.0031553796782,508.97940006273865,508.9560309783194,508.9330584326252,508.91049234776904,508.88834225432583,508.86661728426554,508.8453261642624,508.82447720939433,508.8040783172344,508.78413696234145,508.7646601911499,508.7456546172715,508.7271264172047,508.7090813264592,508.6915246360987,508.67446118970474,508.6578953807632,508.64183115047354,508.62627198599006,508.6112209190841,508.5966805252389,508.5826529231744,508.5691397747948,508.5561422855711,508.5436612053477,508.5316968295724,508.52024900095734,508.5093171115574,508.4989001052675,508.48899648074064,508.479604294716,508.4707211657581,508.46234427840113,508.4544703876957,508.44709582415055,508.4402164990639,508.4338279102449,508.42792514810776,508.42250290214497,508.4175554677642,508.41307675348355,508.40906028848076,508.4054992304846,508.40238637400466,508.3997141588859,508.3974746791844,508.3956596923532,508.3942606287276,508.3932686013018,508.39267441578704,508.3924685809436,508.3926413191674,508.39318257733487,508.3940820378799,508.39532913010424,508.39691304170225,508.3988227304923,508.4010469363418,508.40357419327546,508.4063928417516,508.409491041097,508.4128567820886,508.4164778996684,508.42034208577513,508.4244369022889,508.4287497940686,508.4332681020699,508.4379790765371,508.4428698902461,508.4479276517941,508.4531394189201,508.45849221183744,508.46397302657897,508.4695688483239,508.4752666647098,508.4810534791058,508.4869163238387,508.49284227335846,508.4988184573288,508.5048320736334,508.5108704012776,508.5169208131865,508.52297078887045,508.52900792695834,508.5350199575814,508.5409947545956,508.54692034763036,508.5527849339551,508.5585768901476,508.5642847835572,508.56989738354685,508.5754036725084,508.5807928566378,508.5860543764589,508.5911779170866,508.5961534182238,508.6009710838718,508.6056213917567,508.6100951024574,508.61438326822395,508.61847724148345,508.62236868301943,508.62604956982454,508.6295122026105,508.6327492129736,508.6357535702106,508.63851858776974,508.6410379293442,508.64330561458866,508.6453160244641,508.6470639061997,508.64854437786914,508.6497529325808,508.65068544227006,508.65133816109807,508.65170772844857,508.65179117152513,508.6515859075416,508.6510897455073,508.6503008876042,508.6492179301574,508.64783986419144,508.6461660755838,508.6441963448033,508.6419308462444,508.6393701471531,508.63651520614224,508.63336737131095,508.6299283779555,508.62620034588116,508.62218577632586,508.6178875484783,508.613308915618,508.6084535008654,508.6033252925534,508.5979286392239,508.5922682442515,508.5863491601097,508.5801767822718,508.5737568427649,508.5670954033787,508.56019884853225,508.55307387781795,508.5457274982173,508.5381670160023,508.53040002833495,508.5224344145656,508.5142783272448,508.50594018285557,508.49742865227637,508.4887526509863,508.4799213290147,508.4709440606605,508.4618304339748,508.452590240031,508.44323346198433,508.43377026393824,508.42421097962523,508.4145661009167,508.4048462661664,508.39506224841426,508.38522494344306,508.37534535771744,508.36543459620646,508.35550385010885,508.3455643844879,508.3356275258313,508.3257046495529,508.3158071674398,508.3059465150628,508.2961341391682,508.2863814850513,508.2766999839365,508.2671010403686,508.2575960196324,508.24819623521586,508.23891293631857,508.229757295432,508.220740395995,508.21187322014123,508.20316663654705,508.1946313883985,508.1862780814839,508.1781171724245,508.17015895705987,508.16241355899655,508.1548909183274,508.1476007805437,508.14055268564147,508.13375595743764,508.12721969310405,508.1209527529361,508.1149637503576,508.10926104218026,508.103852719123,508.0987465965999,508.0939502057902,508.0894707849983,508.08531527130833,508.0814902925499,508.0780021595722,508.07485685884683,508.07206004539717,508.0696170360667,508.06753280313,508.0658119682562,508.0644587968285,508.0634771926267,508.0628706928802,508.06264246368914,508.06279529583117,508.0633316009438,508.06425340809926,508.0655623607644,508.06725971415904,508.0693463330057,508.0718226896828,508.0746888627737,508.077944536023,508.08158899769114,508.08562114031815,508.09003946089007,508.09484206140877,508.10002664986825,508.1055905416341,508.1115306612245,508.1178435444912,508.12452534120354,508.1315718180223,508.13897836187164,508.1467399837006,508.154851322629,508.1633066504785,508.1720998766823,508.1812245535647,508.1906738819932,508.2004407173913,508.2105175761096,508.22089664214474,508.23156977420877,508.242528513128,508.2537640895795,508.26526743214225,508.27702917567086,508.2890396699704,508.3012889887696,508.31376693898477,508.3264630702619,508.3393666847895,508.3524668473742,508.3657523957616,508.37921195120435,508.3928339292554,508.40660655078267,508.4205178531922,508.43455570184534,508.44870780167,508.4629617089344,508.47730484319544,508.4917244993883,508.5062078600624,508.52074200773905,508.5353139373849,508.5499105689884,508.5645187602244,508.57912531919544,508.5937170172389,508.60828060178267,508.6228028092413,508.63727037793797,508.65167006103695,508.66598863947894,508.6802129349008,508.6943298225285,508.7083262440359,508.72218922034483,508.73590586436677,508.74946339366295,508.76284914301414,508.7760505768929,508.7890553018116,508.8018510785538,508.8144258342546,508.826767674337,508.83886489428045,508.85070599121326,508.86227967531886,508.8735748810419,508.8845807780847,508.89528678217994,508.9056825656351,508.91575806762813,508.9255035042546,508.93490937830865,508.9439664887895,508.95266594012764,508.96099915111546,508.96895786353593,508.97653415048575,508.9837204243704,508.9905094445819,508.9968943248325,509.0028685401545,509.0084259335405,509.0135607222369,509.01826750366615,509.02254126098524,509.0263773682657,509.0297715952953,509.03272011199226,509.0352194924327,509.03726671847744,509.03885918300904,509.0399946927601,509.0406714707391,509.04088815825037,509.04064381650204,509.03993792780227,509.0387703963457,509.03714154858045,509.0350521331651,509.0325033205089,509.0294967018962,509.0260342881978,509.0221185081698,509.01775220633726,509.01293864047386,509.00768147866717,509.001984795984,508.99585307073204,508.9892911803199,508.98230439672903,508.97489838158776,508.9670791808668,508.9588532191861,508.9502272937539,508.94120856793194,508.93180456443486,508.92202315818,508.91187256878004,508.9013613526959,508.890498395054,508.8792929011357,508.8677543875484,508.8558926730831,508.8437178692751,508.83124037066784,508.8184708447947,508.80542022188797,508.79209968432554,508.77852065581976,508.76469479037144,508.7506339609827,508.7363502481587,508.7218559281929,508.70716346125533,508.692285479299,508.67723477378604,508.662024283256,508.64666708073923,508.6311763610388,508.615565427879,508.59984768094773,508.58403660283733,508.5681457458957,508.55218871900644,508.5361791743047,508.52013079384915,508.5040572762548,508.4879723233067,508.4718896265641,508.4558228539715,508.4397856364834,508.42379155472474,508.4078541256934,508.39198678952135,508.37620289630513,508.36051569302305,508.34493831054493,508.3294837507554,508.3141648737979,508.2989943854542,508.2839848246699,508.26914855124494,508.2544977336898,508.24004433727055,508.2258001122502,508.21177658233614,508.1979850333485,508.1844365021187,508.17114176563126,508.158111330416,508.1453554222076,508.1328839758763,508.1207066256411,508.1088326955808,508.097271190445,508.08603078678055,508.07511982437546,508.0645462980374,508.0543178497066,508.0444417609172,508.0349249456144,508.02577394332826,508.0169949127194,508.00859362549716,508.0005754607226,507.9929453994928,507.9857080200218,507.97886749311607,507.97242757805594,507.96639161887674,507.9607625410674,507.95554284867865,507.95073462184786,507.94633951474424,507.94235875393684,507.93879313718435,507.9356430326509,507.93290837854556,507.93058868319304,507.9286830255262,507.9271900560087,507.92610799798115,507.9254346494325,507.9251673851953,507.9253031595633,507.92583850932505,507.92676955721515,507.9280920157802,507.92980119165213,507.93189199022675,507.93435892074604,507.9371961017747,507.94039726706745,507.94395577182445,507.9478645993232,507.9521163679282,507.9567033384617,507.96161742194084,507.9668501876589,507.9723928716214,507.97823638530895,507.98437132477443,507.99078798005786,507.9974763449082,508.0044261268137,508.011626757316,508.01906740260904,508.026736974409,508.03462414108475,508.04271733903744,508.05100478431854,508.05947448447864,508.06811425062693,508.07691170970037,508.08585431692205,508.0949293684422,508.1041240141452,508.1134252706142,508.1228200342373,508.1322950944463,508.14183714706957,508.1514328077942,508.16106862571496,508.1707310969639,508.18040667840427,508.1900818013779,508.199742885488,508.20937635240773,508.2189686397022,508.22850621464386,508.23797558801823,508.2473633278955,508.2566560733618,508.2658405481941,508.2749035744663,508.283832086073,508.29261314215387,508.3012339404163,508.30968183032866,508.3179443261835,508.3260091200096,508.33386409432785,508.3414973347286,508.34889714227154,508.3560520456797,508.36295081333157,508.36958246502667,508.37593628352306,508.3820018258267,508.38776893422926,508.39322774707784,508.3983687092689,508.40318258245696,508.407660454964,508.41179375138233,508.4155742418642,508.4189940510823,508.42204566685973,508.42472194845544,508.42701613449753,508.4289218505616,508.43043311637837,508.4315443526723,508.4322503876163,508.43254646290166,508.43242823941483,508.43189180251716,508.43093366691784,508.42955078114096,508.4277405315787,508.4255007461271,508.4228296974001,508.4197261055211,508.41618914048655,508.41221842409743,508.40781403146474,508.4029764920752,508.3977067904275,508.39200636622877,508.385877114158,508.37932138319525,508.37234197550976,508.36494214491944,508.3571255949151,508.3488964762512,508.3402593841097,508.33121935483763,508.321781862258,508.3119528135626,508.30173854478704,508.2911458158734,508.280181805325,508.26885410445874,508.25717071125786,508.2451400238334,508.2327708335037,508.2200723174878,508.2070540312318,508.19372590036744,508.1800982123124,508.1661816075244,508.1519870704087,508.1375259198969,508.12280979969916,508.1078506682425,508.0926607883038,508.07725271634735,508.0616392915755,508.04583362470765,508.0298490864892,508.013699295955,507.9973981084415,507.9809596033742,507.96439807183435,507.94772800391496,507.93096407588644,507.9141211371729,507.89721419716255,507.88025841185726,507.86326907037505,507.8462615813214,507.82925145904176,507.81225430976366,507.79528581764674,507.7783617307522,507.7614978469467,507.74470999974847,507.7280140441366,507.7114258423331,507.6949612495696,507.67863609985505,507.66246619175945,507.6464672742214,507.63065503240034,507.61504507357546,507.599652913125,507.5844939605729,507.5695835057389,507.5549367049904,507.54056856761974,507.5264939423512,507.51272750399505,507.499283740261,507.48617693874377,507.47342117408925,507.4610302953619,507.44901791361406,507.43739738968094,507.4261818221999,507.4153840358815,507.4050165700253,507.3950916673051,507.38562126283097,507.3766169734919,507.3680900875972,507.3600515548252,507.3525119764829,507.34548159609375,507.338970290313,507.3329875601935,507.3275425227916,507.32264390313895,507.31830002657495,507.3145188114528,507.3113077622256,507.3086739629186,507.3066240709926,507.30516431160527,507.3043004722762,507.30403789795787,507.30438148652377,507.3053356846683,507.30690448422996,507.30909141893767,507.31189956158505,507.31533152163183,507.3193894432402,507.3240750037404,507.3293894125351,507.33533341043415,507.34190726943314,507.3491107929182,507.35694331631373,507.3654037081618,507.3744903716367,507.3842012464895,507.39453381142505,507.4054850869039,507.41705163837,507.4292295799004,507.4420145782715,507.45540185744096,507.46938620343366,507.4839619696397,507.4991230825026,507.51486304760886,507.53117495615993,507.54805149182465,507.56548493797084,507.583467185259,507.6019897395958,507.6210437304447,507.6406199194718,507.66070870953536,507.68130015399396,507.7023839663389,507.7239495301292,507.7459859092264,507.76848185831875,507.79142583372,507.8148060044409,507.8386102635102,507.8628262395469,507.8874413085629,507.91244260599177,507.9378170389249,507.9635512985489,507.9896318727692,508.016045059009,508.04277697716907,508.069813582738,508.09714068004035,508.12474393560626,508.1526088916545,508.1807209796725,508.2090655340793,508.23762780596496,508.2663929768812,508.2953461726821,508.32447247739583,508.35375694711024,508.38318462386644,508.41274054954306,508.442409779717,508.4721773974863,508.50202852725005,508.5319483484175,508.56192210904794,508.5919351393957,508.621972865359,508.6520208218088,508.68206466579045,508.7120901895852,508.742083333621,508.77203019920853,508.8019170611084,508.8317303799055,508.86145681417514,508.89108323244244,508.92059672491223,508.94998461496215,508.97923447039045,509.00833411439896,509.03727163631385,509.06603540202116,509.0946140641146,509.12299657174407,509.15117218015456,509.1791304599057,509.20686130576684,509.2343549452745,509.26160194694654,509.28859322814566,509.3153200625824,509.3417740874516,509.36794731019864,509.3938321149034,509.41942126827666,509.44470792527306,509.4696856342984,509.4943483420202,509.5186903977742,509.54270655755386,509.5663919875941,509.58974226753213,509.61275339315193,509.6354217787024,509.65774425879556,509.67971808987477,509.7013409512567,509.7226109457476,509.74352659982617,509.7640868633997,509.7842911091361,509.80413913136056,509.8236311445362,509.8427677813089,509.86155009013976,509.87997953251363,509.8980579797317,509.9157877092888,509.9331714008449,509.95021213178813,509.966913372398,509.9832789806141,509.99931319641075,510.01502063579153,510.03040628440095,510.0454754907681,510.06023395917975,510.07468774220104,510.0888432328419,510.1027071563822,510.1162865618616,510.1295888132462,510.1426215802751,510.1553928290016,510.16791081203576,510.18018405849784,510.19222136369405,510.20403177852586,510.21562459864083,510.22700935333665,510.2381957942297,510.249193883705,510.26001378314544,510.27066584096775,510.28116058046714,510.29150868748644,510.30172099792145,510.31180848507375,510.32178224686857,510.33165349294205,510.34143353161954,510.3511337567938,510.36076563471346,510.3703406907018,510.3798704958152,510.38936665345153,510.3988407859303,510.40830452104916,510.41776947863576,510.4272472571073,510.43674942005117,510.4462874828379,510.45587289928216,510.46551704836907,510.475231221048,510.4850266071195,510.49491428222075,510.5049051949271,510.51501015397616,510.52523981563763,510.5356046712306,510.546115034809,510.556781031024,510.567612583175,510.57861940146336,510.58981097146136,510.60119654280226,510.6127851181123,510.6245854421875,510.63660599142975,510.64885496355237,510.661340267568,510.67406951406315,510.68705000577694,510.7002887284859,510.71379234221,510.7275671727449,510.74161920353356,510.75595406788153,510.7705770415225,510.7854930355487,510.8007065897063,510.8162218660688,510.8320426430862,510.8481723100276,510.86461386181367,510.8813698942479,510.8984425996553,510.9158337629224,510.9335447579588,510.95157654456614,510.96992966573447,510.988604245355,511.0075999863648,511.0269161693132,511.0465516513598,511.06650486570334,511.08677382144356,511.1073561038718,511.1282488751925,511.14944887568385,511.17095242527955,511.19275542558694,511.2148533623315,511.23724130822154,511.2599139262472,511.2828654733887,511.30608980474835,511.3295803780921,511.3533302588053,511.37733212524427,511.40157827449696,511.42606062853133,511.45077074073333,511.47569980283026,511.5008386521863,511.5261777794679,511.55170733667245,511.57741714550605,511.60329670611856,511.62933520615934,511.6555215301775,511.68184426933465,511.70829173143034,511.73485195122794,511.76151270107306,511.7882615017926,511.8150856338639,511.8419721488446,511.8689078810521,511.8958794594799,511.922873319938,511.9498757174141,511.9768727386308,512.0038503147975,512.030794234538,512.057690156986,512.0845236250323,512.1112800787122,512.137944868722,512.1645032700469,512.1909404956932,512.2172417105046,512.2433920450559,512.2693766096072,512.2951805081032,512.3207888522078,512.3461867753623,512.3713594468421,512.3962920858135,512.4209699753674,512.4453784765155,512.4695030421465,512.4933292309112,512.5168427210378,512.5400293240589,512.5628749984354,512.5853658630647,512.6074882106622,512.6292285210011,512.6505734739951,512.6715099626224,512.6920251056578,512.7121062602253,512.731741034139,512.7509172980288,512.7696231972423,512.7878471635008,512.8055779263115,512.8228045241108,512.8395163151388,512.8557029880302,512.87135457211,512.8864614473864,512.9010143542268,512.9150044027172,512.9284230816821,512.9412622673698,512.9535142317823,512.9651716506521,512.9762276110505,512.9866756186242,512.9965096044538,513.0057239315202,513.0143134007841,513.0222732568619,513.0295991932982,513.0362873574315,513.0423343548398,513.0477372533709,513.0524935867501,513.0566013577578,513.0600590409827,513.0628655851372,513.0650204149412,513.0665234325688,513.0673750186556,513.0675760328695,513.067127814038,513.0660321798367,513.0642914260426,513.0619083253396,513.0588861256929,513.0552285482846,513.0509397850135,513.0460244955631,513.0404878040425,513.0343352951953,513.0275730101938,513.0202074420042,513.0122455303454,513.0036946562357,512.994562636134,512.9848577156814,512.9745885630525,512.9637642619176,512.9523943040255,512.9404885814141,512.928057378254,512.9151113623366,512.901661576209,512.8877194279712,512.8732966817403,512.8584054477874,512.843058172366,512.8272676272333,512.811046898875,512.7944093774511,512.7773687454646,512.759938966167,512.7421342717141,512.7239691510798,512.7054583377407,512.6866167971467,512.6674597139778,512.6480024792178,512.6282606770396,512.6082500715254,512.5879865932275,512.567486325588,512.5467654912297,512.5258404381235,512.5047276256564,512.483443610607,512.4620050330398,512.4404286021391,512.4187310819868,512.3969292773057,512.375040019175,512.3530801507354,512.3310665128971,512.3090159300612,512.2869451958719,512.2648710590074,512.2428102090304,512.2207792623013,512.1987947479796,512.1768730941135,512.1550306138423,512.1332834917113,512.1116477701296,512.0901393359645,512.0687739072993,512.0475670203547,512.0265340165976,512.0056900300436,511.9850499747572,511.96462853257754,511.94444014106585,511.9244989816935,511.90481896827976,511.88541373568603,511.86629662878397,511.84748069169973,511.828978657349,511.8108029372681,511.7929656117571,511.7754784203318,511.7583527525062,511.7415996389029,511.7252297427061,511.7092533514585,511.69368036921617,511.6785203090602,511.66378228597665,511.649475010111,511.63560678039414,511.62218547856094,511.60921856354986,511.59671306629514,511.58467558491725,511.5731122803136,511.562028872146,511.55143063524264,511.5413223963969,511.5317085315866,511.5225929635958,511.5139791600523,511.505870131877,511.49826843214805,511.49117615537284,511.48459493717996,511.47852595441316,511.4729699256436,511.4679271120844,511.4633973189141,511.4593798970017,511.45587374503197,511.4528773120306,511.4503886002785,511.4484051686173,511.44692413613785,511.4459421862524,511.4454555711335,511.44546011653074,511.4459512269422,511.44692389114783,511.448372688089,511.45029179309444,511.45267498443644,511.4555156502201,511.4588067955901,511.4625410502466,511.46671067627096,511.4713075762379,511.47632330161764,511.4817490614525
